   73.69836    
   76.06979    
   91.01897    
   88.76533    
   88.21158    
   78.80874    
   99.62327    
   67.67546    
   93.61668    
   91.28585    
   95.57060    
   83.68293    
   71.70647    
   96.22255    
   83.22203    
   74.68430    
   98.85675    
   92.56595    
   72.44468    
   64.72512    
   86.50522    
   89.85510    
   90.74495    
   60.34549    
   72.52969    
   76.35031    
   66.58591    
   83.17807    
   77.81892    
   94.53979    
   81.34720    
   73.10459    
   72.32335    
   71.07397    
   83.03590    
   90.30301    
   67.28674    
   75.45592    
   78.92886    
   98.70895    
   91.52345    
   81.96190    
   75.94858    
   82.99980    
   83.24593    
   84.38348    
   70.94481    
   87.69083    
   62.31773    
   92.03533    
   65.36806    
   71.03242    
   86.96440    
   69.58241    
   71.80499    
   88.82278    
   94.67433    
   91.74392    
   64.10587    
   81.61195    
   60.68027    
   98.04168    
   81.53099    
   69.01437    
   64.62224    
   76.11764    
   93.90960    
   96.34048    
   99.06152    
   68.67442    
   74.17636    
   97.36426    
   67.61811    
   61.15800    
   82.14001    
   67.61104    
   89.25946    
   60.34294    
   87.66788    
   66.09901    
   94.67584    
   98.01759    
   98.38448    
   80.00833    
   92.14537    
   75.26059    
   65.32384    
   73.80148    
   60.55038    
   87.52464    
   64.33929    
   60.88294    
   87.23289    
   60.27280    
   96.88486    
   65.60561    
   89.04904    
   73.36304    
   75.14070    
   85.27989    
   74.60065    
   86.22285    
   60.77574    
   62.53271    
   68.13659    
   78.67455    
   88.88899    
   92.33247    
   74.03952    
   80.53560    
   78.82404    
   68.68651    
   78.57622    
   97.77415    
   95.51476    
   71.62830    
   85.07181    
   93.14179    
   81.37013    
   68.46869    
