  1.99999808
  1.99999906
  1.99999964
  1.99999993
  2.
  2.
  2.
  2.
  2.
  2.
  2.
  2.
  2.
  2.
  2.
  2.
  2.
  2.
  2.
  2.20958748
  955.259233
  9130.98564
  137529.574
  1342426.46
  3344259.23
  4345735.37
  4037918.76
  3188337.21
  2298903.91
  1515735.92
  922886.685
  537719.768
  311775.855
  185771.303
  119433.878
  51857.4712
  3436.69713
  433.337626
  81.2491278
  36.9791263
  6.62224361
  3.22333745
  2.90059037
  2.62115797
  2.38419973
  2.18744623
  2.05176439
  2.00359986
  2.
  2.
  2.00002486
  2.01165501
  2.01164273
  2.00001259
  2.
  2.
  2.
  2.
  2.
  2.
  2.
  2.
  1.99999808
  1.99999906
  1.99999964
  1.99999993
  2.
  2.
  2.
  2.
  2.
  2.
  2.
  2.
  2.
  2.
  2.
  2.
  2.
  2.
  2.
  2.16073695
  935.967321
  10277.361
  81678.2449
  1034655.25
  2962869.95
  4288193.58
  4266994.02
  3428634.2
  2403123.11
  1539317.03
  926961.038
  538039.832
  311571.863
  185559.908
  119431.118
  51135.8196
  2755.40623
  587.648873
  112.948608
  36.7694867
  6.60430385
  3.22304566
  2.89813422
  2.61925494
  2.38275869
  2.18640202
  2.05123554
  2.00350293
  2.
  2.
  2.0000208
  2.01139584
  2.01138721
  2.00001217
  2.
  2.
  2.
  2.
  2.
  2.
  2.
  2.
  1.99999808
  1.99999906
  1.99999964
  1.99999993
  2.
  2.
  2.
  2.
  2.
  2.
  2.
  2.
  2.
  2.
  2.
  2.
  2.
  2.
  2.
  2.00030803
  924.840843
  10633.2219
  57071.6638
  798110.718
  2550657.64
  4100010.38
  4403712.27
  3638860.67
  2514100.18
  1568566.
  931649.19
  538420.204
  311360.334
  185326.035
  119445.171
  50534.6576
  1976.84448
  512.31031
  109.760302
  37.5910349
  6.60417554
  3.21824992
  2.89435609
  2.61511563
  2.37833586
  2.18281745
  2.04920313
  2.00311002
  2.
  2.
  2.00001649
  2.0113741
  2.01136943
  2.00001182
  2.
  2.
  2.
  2.
  2.
  2.
  2.
  2.
  1.99999808
  1.99999906
  1.99999964
  1.99999993
  2.
  2.
  2.
  2.
  2.
  2.
  2.
  2.
  2.
  2.
  2.
  2.
  2.
  2.
  2.
  2.
  984.648972
  10799.0871
  49296.1771
  691314.877
  2313553.39
  3932521.64
  4475125.74
  3839838.37
  2647918.82
  1607191.85
  937315.996
  538858.702
  311025.127
  185028.075
  119461.861
  50028.754
  1246.02896
  418.456206
  105.112491
  36.9911905
  6.60020013
  3.21306533
  2.89038613
  2.61225851
  2.37619411
  2.1802002
  2.04753738
  2.00304555
  2.
  2.
  2.00000073
  2.0005632
  2.00056699
  2.00000452
  2.
  2.
  2.
  2.
  2.
  2.
  2.
  2.
  1.99999808
  1.99999906
  1.99999964
  1.99999993
  2.
  2.
  2.
  2.
  2.
  2.
  2.
  2.
  2.
  2.
  2.
  2.
  2.
  2.
  2.
  2.
  981.06873
  10561.2075
  50369.2759
  659027.151
  2191742.21
  3817538.38
  4499556.07
  3972912.72
  2757833.79
  1639195.24
  941695.475
  539129.405
  310722.911
  184768.681
  119519.1
  49751.9218
  843.92713
  446.206219
  99.6333434
  36.5147471
  6.6466367
  3.20876784
  2.8871131
  2.62989817
  2.39328216
  2.17759386
  2.04678628
  2.00292661
  2.
  2.
  2.00000047
  2.00054307
  2.000546
  2.0000034
  2.
  2.
  2.
  2.
  2.
  2.
  2.
  2.
  1.99999808
  1.99999906
  1.99999964
  1.99999993
  2.
  2.
  2.
  2.
  2.
  2.
  2.
  2.
  2.
  2.
  2.
  2.
  2.
  2.
  2.
  2.00075904
  942.130326
  10284.7177
  53547.2166
  657580.576
  2149693.99
  3771771.52
  4498127.09
  4021622.34
  2814034.63
  1655943.27
  944062.185
  539323.6
  310568.256
  184625.941
  119576.403
  49672.1214
  617.385892
  408.225885
  95.0438685
  35.9721695
  6.64395994
  3.20631521
  2.88522702
  2.62834859
  2.41055935
  2.19360829
  2.04473401
  2.00284461
  2.
  2.
  2.00000029
  2.00054274
  2.0005446
  2.00000215
  2.
  2.
  2.
  2.
  2.
  2.
  2.
  2.
  1.99999808
  1.99999906
  1.99999964
  1.99999993
  2.
  2.
  2.
  2.
  2.
  2.
  2.
  2.
  2.
  2.
  2.
  2.
  2.
  2.
  2.
  2.00530147
  948.585899
  10326.0808
  52092.0227
  664391.387
  2193624.62
  3817066.35
  4502775.06
  3984478.99
  2774585.39
  1648362.6
  943867.285
  539448.846
  310657.61
  184670.599
  119549.567
  49708.1848
  719.628775
  430.958549
  96.3306416
  36.0474258
  6.63993023
  3.20668972
  2.88554409
  2.6284847
  2.4104528
  2.19344713
  2.04469178
  2.00283697
  2.
  2.
  2.0000002
  2.00054252
  2.00054329
  2.00000097
  2.
  2.
  2.
  2.
  2.
  2.
  2.
  2.
  1.99999808
  1.99999906
  1.99999964
  1.99999993
  2.
  2.
  2.
  2.
  2.
  2.
  2.
  2.
  2.
  2.
  2.
  2.
  2.
  2.
  2.
  2.00003963
  987.006301
  10531.4286
  49120.9207
  694422.606
  2331267.39
  3956661.45
  4494943.55
  3868939.41
  2680745.08
  1624868.81
  941518.658
  539481.649
  310906.076
  184845.05
  119488.339
  49875.1521
  775.08413
  194.12934
  100.23814
  36.6005485
  6.63640524
  3.2090642
  2.88742139
  2.62984879
  2.39280608
  2.17705469
  2.04655899
  2.00288213
  2.
  2.
  2.00000018
  2.00054232
  2.00054246
  2.00000032
  2.
  2.
  2.
  2.
  2.
  2.
  2.
  2.
  1.99999808
  1.99999906
  1.99999964
  1.99999993
  2.
  2.
  2.
  2.
  2.
  2.
  2.
  2.
  2.
  2.
  2.
  2.
  2.
  2.
  2.
  2.
  941.057521
  10428.6823
  49148.5165
  748247.606
  2509424.26
  4111218.96
  4426380.84
  3680134.9
  2564465.44
  1595376.09
  937980.827
  539427.767
  311214.073
  185068.665
  119452.214
  50199.3111
  1475.02861
  452.30231
  105.073678
  36.9517524
  6.58465869
  3.21249001
  2.89003513
  2.63512104
  2.39868756
  2.17914408
  2.04699987
  2.00294885
  2.
  2.
  2.00000021
  2.00054218
  2.0005473
  2.00000533
  2.
  2.
  2.
  2.
  2.
  2.
  2.
  2.
  1.99999808
  1.99999906
  1.99999964
  1.99999993
  2.
  2.
  2.
  2.
  2.
  2.
  2.
  2.
  2.
  2.
  2.
  2.
  2.
  2.
  2.
  2.0002113
  914.299413
  10231.2365
  54050.1187
  804429.85
  2643581.03
  4193397.19
  4348041.04
  3541520.74
  2484604.88
  1573735.01
  934823.776
  539328.736
  311460.112
  185249.992
  119442.292
  50538.6337
  1965.56532
  526.466221
  108.152773
  37.2942729
  6.58201471
  3.21551873
  2.89235368
  2.61293783
  2.37603576
  2.18087687
  2.04822397
  2.00293953
  2.
  2.
  2.00000022
  2.00054249
  2.00057018
  2.00002792
  2.
  2.
  2.
  2.
  2.
  2.
  2.
  2.
  1.99999808
  1.99999906
  1.99999964
  1.99999993
  2.
  2.
  2.
  2.
  2.
  2.
  2.
  2.
  2.
  2.
  2.
  2.
  2.
  2.
  2.
  2.03246339
  933.853619
  10129.8831
  60153.5612
  834469.961
  2680579.25
  4212237.54
  4341376.38
  3512495.84
  2461291.26
  1565581.93
  933206.864
  539306.729
  311565.421
  185333.634
  119438.741
  50725.8066
  2081.43617
  421.561145
  109.797687
  37.5291729
  6.58200521
  3.21771201
  2.89403195
  2.61414547
  2.37689312
  2.18149517
  2.04853606
  2.00298852
  2.
  2.
  2.00000022
  2.00096836
  2.00102122
  2.00005307
  2.
  2.
  2.
  2.
  2.
  2.
  2.
  2.
  1.99999808
  1.99999906
  1.99999964
  1.99999993
  2.
  2.
  2.
  2.
  2.
  2.
  2.
  2.
  2.
  2.
  2.
  2.
  2.
  2.
  2.
  2.04587953
  922.80213
  10002.9718
  63401.7284
  854623.021
  2714902.56
  4239895.59
  4356463.83
  3517429.64
  2459192.7
  1562662.9
  932278.431
  539233.794
  311584.125
  185360.513
  119432.538
  50840.043
  2233.14116
  441.350832
  111.824503
  37.7165345
  6.60515504
  3.2191762
  2.89508125
  2.61486954
  2.37740175
  2.18186078
  2.04871933
  2.00301771
  2.
  2.
  2.00000013
  2.00097737
  2.00105628
  2.00007904
  2.
  2.
  2.
  2.
  2.
  2.
  2.
  2.
  1.99999808
  1.99999906
  1.99999964
  1.99999993
  2.
  2.
  2.
  2.
  2.
  2.
  2.
  2.
  2.
  2.
  2.
  2.
  2.
  2.
  2.
  2.05526949
  908.361113
  9966.64358
  66367.3693
  841094.446
  2657914.08
  4211996.55
  4399645.9
  3559643.4
  2471343.63
  1562883.3
  931896.298
  539150.271
  311542.892
  185345.746
  119426.271
  50864.1483
  2385.21539
  564.154842
  112.627286
  37.8379563
  6.60623096
  3.22029194
  2.8959104
  2.61547645
  2.37785825
  2.18219895
  2.04888783
  2.00304508
  2.
  2.
  2.0000009
  2.01137946
  2.0114909
  2.00011234
  2.
  2.
  2.
  2.
  2.
  2.
  2.
  2.
  1.99999808
  1.99999906
  1.99999964
  1.99999993
  2.
  2.
  2.
  2.
  2.
  2.
  2.
  2.
  2.
  2.
  2.
  2.
  2.
  2.
  2.
  2.08249855
  897.001764
  9847.11788
  69356.8635
  854016.223
  2664431.6
  4212361.35
  4417118.38
  3577823.44
  2474997.19
  1561799.39
  931434.988
  539000.164
  311478.315
  185330.604
  119414.237
  50926.0292
  2498.18644
  601.963765
  112.352544
  36.6647077
  6.60907501
  3.22162076
  2.89690986
  2.61624638
  2.37846161
  2.18264722
  2.04910734
  2.00308023
  2.
  2.
  2.00000033
  2.01138452
  2.011524
  2.00013981
  2.
  2.
  2.
  2.
  2.
  2.
  2.
  2.
  1.99999808
  1.99999906
  1.99999964
  1.99999993
  2.
  2.
  2.
  2.
  2.
  2.
  2.
  2.
  2.
  2.
  2.
  2.
  2.
  2.
  2.
  2.11730208
  900.411639
  9469.92849
  71970.286
  942566.569
  2860040.31
  4314896.
  4354132.06
  3494787.54
  2441609.75
  1555223.34
  930559.297
  538855.714
  311463.958
  185361.052
  119393.732
  51165.2879
  2537.5625
  362.874563
  113.993549
  36.8458252
  6.61063369
  3.22354077
  2.89837734
  2.61858949
  2.38152496
  2.1852224
  2.0506143
  2.00337658
  2.
  2.
  2.00000015
  2.01138636
  2.01155129
  2.00016508
  2.
  2.
  2.
  2.
  2.
  2.
  2.
  2.
  1.99999808
  1.99999906
  1.99999964
  1.99999993
  2.
  2.
  2.
  2.
  2.
  2.
  2.
  2.
  2.
  2.
  2.
  2.
  2.
  2.
  2.
  2.12741906
  915.098589
  9087.39254
  72777.3125
  1020700.56
  3011485.5
  4360061.55
  4252526.96
  3387958.82
  2402436.78
  1550486.09
  930442.551
  538861.64
  311457.663
  185385.861
  119376.689
  51377.0405
  2843.40945
  390.786741
  81.0604662
  37.0708177
  6.61410014
  3.22517719
  2.89963879
  2.61961052
  2.38233323
  2.18580789
  2.05089876
  2.00342697
  2.
  2.
  2.00000312
  2.01175488
  2.01194132
  2.00018956
  2.
  2.
  2.
  2.
  2.
  2.
  2.
  2.
  1.99999808
  1.99999906
  1.99999964
  1.99999993
  2.
  2.
  2.
  2.
  2.
  2.
  2.
  2.
  2.
  2.
  2.
  2.
  2.
  2.
  2.
  2.09484506
  912.008968
  9487.75554
  58373.3352
  929236.28
  2897740.06
  4336791.15
  4304581.28
  3448282.02
  2430148.31
  1557402.59
  931807.842
  538862.024
  311332.426
  185311.033
  119365.187
  51230.2934
  2667.24448
  372.763673
  81.4987573
  37.0998271
  6.61866502
  3.22556177
  2.89995114
  2.61994019
  2.38264952
  2.18604869
  2.05101044
  2.00344591
  2.
  2.
  2.00000579
  2.01175651
  2.0119534
  2.00020268
  2.
  2.
  2.
  2.
  2.
  2.
  2.
  2.
  1.99999808
  1.99999906
  1.99999964
  1.99999993
  2.
  2.
  2.
  2.
  2.
  2.
  2.
  2.
  2.
  2.
  2.
  2.
  2.
  2.
  2.
  2.04166966
  894.630822
  10139.2788
  44138.7937
  746889.478
  2533316.88
  4160089.41
  4457251.6
  3660431.78
  2528790.66
  1579200.58
  934867.066
  538862.676
  311068.937
  185131.318
  119355.022
  50785.904
  2363.77513
  597.977169
  114.127168
  36.9679301
  6.6227044
  3.22497999
  2.89953949
  2.61974307
  2.38258983
  2.18602827
  2.05099378
  2.00344179
  2.
  2.
  2.00000745
  2.0117555
  2.01195342
  2.00020536
  2.
  2.
  2.
  2.
  2.
  2.
  2.
  2.
  1.99999808
  1.99999906
  1.99999964
  1.99999993
  2.
  2.
  2.
  2.
  2.
  2.
  2.
  2.
  2.
  2.
  2.
  2.
  2.
  2.
  2.
  2.02648531
  866.629135
  10255.0135
  40255.2622
  631995.945
  2220254.37
  3916649.53
  4534719.13
  3888387.5
  2668846.04
  1613660.09
  938765.956
  538897.466
  310710.509
  184901.984
  119336.389
  50319.2057
  1748.17995
  516.066544
  113.296809
  36.8719827
  6.62871034
  3.22435412
  2.89911749
  2.61954551
  2.38252959
  2.18601357
  2.05098559
  2.00343971
  2.
  2.
  2.00000809
  2.01135774
  2.01154046
  2.00019081
  2.
  2.
  2.
  2.
  2.
  2.
  2.
  2.
  1.99999808
  1.99999906
  1.99999964
  1.99999993
  2.
  2.
  2.
  2.
  2.
  2.
  2.
  2.
  2.
  2.
  2.
  2.
  2.
  2.
  2.
  2.04745662
  815.532107
  10083.7909
  41283.8015
  590343.74
  701059.729
  325720.238
  2368483.09
  3941589.56
  2802503.08
  1644471.2
  940709.268
  538527.727
  310317.504
  184690.753
  119317.181
  50010.7921
  1352.46953
  483.615698
  112.736556
  36.8663195
  6.63514378
  3.2246482
  2.89943492
  2.61990501
  2.38287316
  2.18629621
  2.05113561
  2.00346751
  2.
  2.
  2.00000018
  2.00002806
  2.0001811
  2.00015338
  2.00000016
  2.
  2.
  2.
  2.
  2.
  2.
  2.
  1.99999808
  1.99999906
  1.99999964
  1.99999993
  2.
  2.
  2.
  2.
  2.
  2.
  2.
  2.
  2.
  2.
  2.
  2.
  2.
  2.
  2.
  2.1028605
  777.430843
  9894.49099
  39839.7245
  589183.09
  616369.917
  58146.3769
  4471.43982
  1728915.35
  2773010.92
  1645433.9
  939389.136
  538023.29
  310143.356
  184653.939
  119273.327
  50007.8656
  1391.09176
  488.602316
  113.781219
  37.0629084
  6.64057132
  3.22703155
  2.90139277
  2.62148609
  2.38409543
  2.1872081
  2.05160857
  2.00355507
  2.
  2.
  2.000001
  2.00048134
  2.00061228
  2.00013195
  2.
  2.
  2.
  2.
  2.
  2.
  2.
  2.
  1.99999808
  1.99999906
  1.99999964
  1.99999993
  2.
  2.
  2.
  2.
  2.
  2.
  2.
  2.
  2.
  2.
  2.
  2.
  2.
  2.
  2.
  2.08865213
  750.586083
  9580.51175
  34673.9526
  606962.751
  2107238.83
  1528558.75
  2127659.34
  3875429.15
  2780206.2
  1622181.36
  933138.294
  536445.242
  309919.5
  184736.654
  119194.669
  50392.6534
  2003.00236
  546.871319
  83.2263626
  37.5166161
  6.6465246
  3.22908065
  2.90535615
  2.62455707
  2.38639236
  2.18888848
  2.05247276
  2.00371484
  2.
  2.00000006
  2.00018864
  2.00068357
  2.00059596
  2.00010098
  2.
  2.
  2.
  2.
  2.
  2.
  2.
  2.
  1.99999808
  1.99999906
  1.99999964
  1.99999993
  2.
  2.
  2.
  2.
  2.
  2.
  2.
  2.
  2.
  2.
  2.
  2.
  2.
  2.
  2.
  2.22683225
  725.34469
  8315.1911
  41044.5086
  864237.405
  2642946.67
  4139677.82
  4602402.89
  3917153.99
  2624820.5
  1567386.94
  924309.151
  534825.661
  309893.278
  184969.267
  119130.996
  51434.4999
  3229.55549
  559.558365
  91.9033792
  38.1695608
  6.6127142
  3.19951586
  2.90803041
  2.62866679
  2.38943065
  2.19109794
  2.05360514
  2.00392321
  2.
  2.00000011
  2.00018948
  2.0006908
  2.00057136
  2.00006993
  2.
  2.
  2.
  2.
  2.
  2.
  2.
  2.
  1.99999808
  1.99999906
  1.99999964
  1.99999993
  2.
  2.
  2.
  2.
  2.
  2.
  2.
  2.
  2.
  2.
  2.
  2.
  2.
  2.
  2.
  2.39037135
  744.049799
  4604.88496
  105044.167
  1367686.51
  3388770.61
  4448955.15
  4372287.59
  3508202.73
  2396230.89
  1510108.35
  914449.583
  533180.069
  309912.486
  185257.228
  119106.28
  53245.2819
  5006.54666
  379.273838
  102.568917
  38.8489234
  6.61450079
  3.17925296
  2.88554607
  2.63212181
  2.39254252
  2.19335474
  2.05475828
  2.00413465
  2.
  2.00000014
  2.00016962
  2.00068626
  2.00055736
  2.00004059
  2.
  2.
  2.
  2.
  2.
  2.
  2.
  2.
  1.99999808
  1.99999906
  1.99999964
  1.99999993
  2.
  2.
  2.
  2.
  2.
  2.
  2.
  2.
  2.
  2.
  2.
  2.
  2.
  2.
  2.
  2.51180248
  789.276515
  1585.75993
  236405.688
  1848053.81
  3725216.41
  4228580.25
  3823800.93
  3001782.96
  2191576.28
  1466947.47
  906021.821
  532046.514
  310052.606
  185540.011
  119125.631
  55213.4709
  7242.86379
  556.434549
  111.349053
  39.5730361
  6.59052443
  3.1841523
  2.88943314
  2.6351374
  2.39579747
  2.19587895
  2.05545331
  2.00428568
  2.
  2.0000354
  2.01252385
  2.0125266
  2.00005313
  2.00001499
  2.
  2.
  2.
  2.
  2.
  2.
  2.
  2.
  1.99999808
  1.99999906
  1.99999964
  1.99999993
  2.
  2.
  2.
  2.
  2.
  2.
  2.
  2.
  2.
  2.
  2.
  2.
  2.
  2.
  2.
  2.54145927
  759.656573
  1534.38267
  248666.622
  1888469.2
  3686935.41
  4022601.07
  3534303.37
  2782189.34
  2108868.42
  1451079.39
  902581.405
  531326.667
  309964.149
  185565.588
  119102.138
  55734.0777
  7816.48508
  573.204215
  111.518104
  39.6210078
  6.59071891
  3.18485089
  2.88997164
  2.63552206
  2.39608262
  2.19609666
  2.05556707
  2.00430807
  2.
  2.00003669
  2.01250771
  2.01250845
  2.00004055
  2.00000312
  2.
  2.
  2.
  2.
  2.
  2.
  2.
  2.
  1.99999808
  1.99999906
  1.99999964
  1.99999993
  2.
  2.
  2.
  2.
  2.
  2.
  2.
  2.
  2.
  2.
  2.
  2.
  2.
  2.
  2.
  2.48676896
  680.798823
  1400.31322
  158240.616
  1705571.5
  3637220.5
  4180028.31
  3772121.62
  2962686.84
  2176913.25
  1463028.07
  903289.538
  530460.831
  309383.442
  185244.074
  118994.613
  54541.0366
  6597.53908
  548.628633
  103.199142
  38.9409705
  6.59101776
  3.18127888
  2.88711845
  2.63327171
  2.39339374
  2.19399233
  2.05508595
  2.00419921
  2.
  2.00000008
  2.00013275
  2.0006558
  2.00052543
  2.00000231
  2.
  2.
  2.
  2.
  2.
  2.
  2.
  2.
  1.99999808
  1.99999906
  1.99999964
  1.99999993
  2.
  2.
  2.
  2.
  2.
  2.
  2.
  2.
  2.
  2.
  2.
  2.
  2.
  2.
  2.
  2.34879514
  504.675466
  4703.69844
  41020.669
  1190227.67
  3243383.07
  4359208.68
  4206698.61
  3336902.
  2320790.99
  1493029.53
  907406.302
  530039.337
  308688.583
  184770.017
  118880.37
  52593.6874
  4615.83911
  572.029086
  92.2520117
  38.2643789
  6.59016608
  3.20217749
  2.91003178
  2.63008966
  2.3905036
  2.19190008
  2.05402262
  2.00400838
  2.
  2.00000015
  2.00019013
  2.00073144
  2.00054327
  2.0000018
  2.
  2.
  2.
  2.
  2.
  2.
  2.
  2.
  1.99999808
  1.99999906
  1.99999964
  1.99999993
  2.
  2.
  2.
  2.
  2.
  2.
  2.
  2.
  2.
  2.
  2.
  2.
  2.
  2.
  2.
  2.14970441
  385.02685
  6806.01703
  12976.1748
  747455.765
  2508977.
  4029923.09
  4339601.39
  3557830.16
  2425213.08
  1520892.85
  911803.803
  530147.948
  308281.815
  184426.067
  118831.784
  51352.5339
  3129.14687
  413.111947
  82.2949584
  37.7655739
  6.64506551
  3.2318469
  2.90755102
  2.6261821
  2.38761277
  2.18978153
  2.05293609
  2.00381283
  2.
  2.
  2.00020274
  2.01250108
  2.01230178
  2.00000344
  2.
  2.
  2.
  2.
  2.
  2.
  2.
  2.
  1.99999808
  1.99999906
  1.99999964
  1.99999993
  2.
  2.
  2.
  2.
  2.
  2.
  2.
  2.
  2.
  2.
  2.
  2.
  2.
  2.
  2.
  2.
  296.615338
  7060.98131
  13617.9891
  58140.2017
  1555335.94
  3659925.51
  4230305.16
  3594950.43
  2484447.98
  1542864.95
  915100.416
  530142.494
  308039.208
  184213.48
  118846.485
  50753.2666
  2430.66827
  447.186053
  111.271932
  37.1688515
  6.63116678
  3.225197
  2.90010306
  2.62048594
  2.38331438
  2.18657407
  2.05127103
  2.00350697
  2.
  2.
  2.00000093
  2.00104726
  2.00104728
  2.00000095
  2.
  2.
  2.
  2.
  2.
  2.
  2.
  2.
  1.99999808
  1.99999906
  1.99999964
  1.99999993
  2.
  2.
  2.
  2.
  2.
  2.
  2.
  2.
  2.
  2.
  2.
  2.
  2.
  2.
  2.
  2.
  186.14857
  6849.06161
  13405.1384
  18754.5704
  12294.9853
  1964268.62
  4046498.33
  3652434.03
  2553333.84
  1564904.96
  917378.39
  529579.186
  307547.094
  183895.38
  118863.41
  50229.0781
  1810.90454
  472.875079
  103.278915
  37.6762352
  6.62276724
  3.21401476
  2.89131088
  2.61254738
  2.37603251
  2.17994829
  2.04733401
  2.00301123
  2.
  2.
  2.00000049
  2.00054027
  2.00054033
  2.00000055
  2.
  2.
  2.
  2.
  2.
  2.
  2.
  2.
  1.99999808
  1.99999906
  1.99999964
  1.99999993
  2.
  2.
  2.
  2.
  2.
  2.
  2.
  2.
  2.
  2.
  2.
  2.
  2.
  2.
  2.
  2.
  133.312633
  6410.03301
  13399.0841
  19372.251
  14051.2033
  1909989.33
  4014817.43
  3722743.01
  2616550.61
  1584060.6
  919315.55
  529114.901
  307075.58
  183577.67
  118931.413
  49825.8832
  1203.02698
  438.729032
  87.504858
  36.2769102
  6.66348825
  3.20145751
  2.88141436
  2.62519778
  2.40793116
  2.19149078
  2.04360928
  2.00266013
  2.
  2.00000001
  2.00004148
  2.00006288
  2.0000218
  2.00000039
  2.
  2.
  2.
  2.
  2.
  2.
  2.
  2.
  1.99999808
  1.99999906
  1.99999964
  1.99999993
  2.
  2.
  2.
  2.
  2.
  2.
  2.
  2.
  2.
  2.
  2.
  2.
  2.
  2.
  2.
  2.
  70.2514433
  5902.4208
  12665.8907
  18372.1926
  13370.3016
  1795456.91
  3876791.93
  3706284.95
  2628890.51
  1590252.91
  919982.057
  528811.522
  306846.26
  183398.026
  119045.567
  49699.0974
  878.031131
  444.525715
  112.910233
  35.1216017
  6.6406276
  3.18946576
  2.87195331
  2.61782505
  2.40227718
  2.20332732
  2.0576405
  2.00243952
  2.
  2.00000567
  2.01221421
  2.0122406
  2.00003323
  2.00000117
  2.
  2.
  2.
  2.
  2.
  2.
  2.
  2.
  1.99999808
  1.99999906
  1.99999964
  1.99999993
  2.
  2.
  2.
  2.
  2.
  2.
  2.
  2.
  2.
  2.
  2.
  2.
  2.
  2.
  2.
  2.
  48.8919339
  5532.45462
  12489.833
  17102.813
  10284.6561
  49838.6436
  2080492.74
  3626701.11
  2599480.04
  1588392.43
  920061.105
  528555.527
  306717.044
  183276.043
  119160.76
  49688.7389
  841.055895
  564.515533
  105.913246
  33.7215162
  6.62508853
  3.17800074
  2.88634855
  2.63445041
  2.3970452
  2.19919758
  2.05461355
  2.00114399
  2.
  2.00003993
  2.01201885
  2.01208577
  2.0001095
  2.00000265
  2.
  2.
  2.
  2.
  2.
  2.
  2.
  2.
  1.99999808
  1.99999906
  1.99999964
  1.99999993
  2.
  2.
  2.
  2.
  2.
  2.
  2.
  2.
  2.
  2.
  2.
  2.
  2.
  2.
  2.
  2.
  88.6158631
  5464.60913
  12753.0404
  11029.2433
  3821.86497
  54873.2142
  2057186.05
  3598296.73
  2604501.82
  1593815.96
  920163.297
  528151.314
  306400.449
  183030.421
  119356.869
  49715.8169
  507.100078
  471.346026
  106.487312
  40.9150187
  6.67311423
  3.23384751
  2.90963706
  2.62792361
  2.39031584
  2.19305893
  2.05195133
  2.00108394
  2.00000774
  2.01269563
  2.0249188
  2.03534715
  2.02313571
  2.00001947
  2.
  2.
  2.
  2.
  2.
  2.
  2.
  2.
  1.99999808
  1.99999906
  1.99999964
  1.99999993
  2.
  2.
  2.
  2.
  2.
  2.
  2.
  2.
  2.
  2.
  2.
  2.
  2.
  2.
  2.
  2.
  163.244862
  5713.6358
  13301.0968
  9497.60785
  1783.46027
  2140.735
  1981143.95
  3640885.84
  2687797.24
  1610501.14
  919106.926
  527323.194
  305775.069
  182624.927
  119886.646
  50370.5166
  430.52544
  424.898645
  130.003943
  39.6232718
  6.65716267
  3.2245447
  2.89982882
  2.62032949
  2.38457294
  2.18878111
  2.05321738
  2.00415996
  2.00000156
  2.00586048
  2.01772303
  2.03448003
  2.02264375
  2.00002783
  2.
  2.
  2.
  2.
  2.
  2.
  2.
  2.
  1.99999808
  1.99999906
  1.99999964
  1.99999993
  2.
  2.
  2.
  2.
  2.
  2.
  2.
  2.
  2.
  2.
  2.
  2.
  2.
  2.
  2.
  2.00090045
  206.390565
  6071.67764
  14035.8251
  8746.86214
  584.83111
  8.50606209
  359528.998
  1815357.11
  2473752.81
  1594236.28
  909258.694
  525280.263
  305169.137
  182400.514
  120141.631
  50599.6198
  292.726865
  355.112149
  119.752397
  38.811379
  6.66226017
  3.21561834
  2.89273189
  2.61483656
  2.38036788
  2.18561369
  2.05156022
  2.00384968
  2.00000136
  2.00583364
  2.00584868
  2.00005228
  2.00004783
  2.00001196
  2.00000001
  2.
  2.
  2.
  2.
  2.
  2.
  2.
  1.99999808
  1.99999906
  1.99999964
  1.99999993
  2.
  2.
  2.
  2.
  2.
  2.
  2.
  2.
  2.
  2.
  2.
  2.
  2.
  2.
  2.
  2.05386817
  193.154395
  5870.44692
  15816.5369
  10310.0957
  263.841922
  93.1091841
  32.7291458
  20467.3055
  994211.535
  1542946.86
  901032.567
  524240.303
  305373.228
  182725.964
  119952.15
  50322.9705
  460.171598
  447.815671
  123.842464
  38.7954203
  6.65875881
  3.21483048
  2.8920483
  2.61288831
  2.37845932
  2.18504645
  2.05119137
  2.00377367
  2.00000098
  2.00571706
  2.0057676
  2.01136768
  2.01134371
  2.00002755
  2.
  2.
  2.
  2.
  2.
  2.
  2.
  2.
  1.99999808
  1.99999906
  1.99999964
  1.99999993
  2.
  2.
  2.
  2.
  2.
  2.
  2.
  2.
  2.
  2.
  2.
  2.
  2.
  2.
  2.00000017
  2.2428927
  82.779918
  3815.28945
  13917.1694
  10371.1961
  189.797188
  3.78166369
  2.78182368
  74471.4142
  1000056.19
  1485155.32
  890611.501
  524370.548
  307042.017
  183911.332
  119528.644
  50299.5981
  1247.67016
  345.69928
  101.517383
  39.6133874
  6.67147107
  3.22016185
  2.89617187
  2.61719979
  2.38176962
  2.18631083
  2.05179306
  2.00387672
  2.00000065
  2.00571088
  2.01834766
  2.02395632
  2.01134169
  2.0000228
  2.
  2.
  2.
  2.
  2.
  2.
  2.
  2.
  1.99999808
  1.99999906
  1.99999964
  1.99999993
  2.
  2.
  2.
  2.
  2.
  2.
  2.
  2.
  2.
  2.
  2.
  2.
  2.
  2.
  2.00025648
  7.06002101
  13.8719569
  1589.49242
  10505.605
  9663.19529
  771.789389
  33.6423195
  2.12342285
  1230438.88
  2125361.86
  1449987.66
  887241.953
  526844.714
  309193.482
  185175.762
  119745.91
  52385.9616
  3793.26909
  577.635987
  107.929043
  39.7437829
  6.64714344
  3.22334996
  2.89859507
  2.61891212
  2.3828984
  2.18699285
  2.05208398
  2.00392171
  2.
  2.00037646
  2.01287908
  2.0238452
  2.01136412
  2.00002154
  2.
  2.
  2.
  2.
  2.
  2.
  2.
  2.
  1.99999808
  1.99999906
  1.99999964
  1.99999993
  2.
  2.
  2.
  2.
  2.
  2.
  2.
  2.
  2.
  2.
  2.
  2.
  2.
  2.00000001
  2.08583299
  1286.72333
  63192.3072
  84047.862
  32644.0207
  11458.8025
  990.452311
  35.6294343
  1071441.86
  2337334.33
  2129714.84
  1421224.13
  893461.004
  532115.482
  310880.096
  185577.384
  119968.386
  52338.4866
  3569.24428
  505.710276
  94.5763958
  38.2471633
  6.6266593
  3.2155705
  2.8923875
  2.61281404
  2.37804089
  2.18439928
  2.05072328
  2.0036648
  2.
  2.
  2.00001362
  2.02308704
  2.02310016
  2.00002675
  2.
  2.
  2.
  2.
  2.
  2.
  2.
  2.
  1.99999808
  1.99999906
  1.99999964
  1.99999993
  2.
  2.
  2.
  2.
  2.
  2.
  2.
  2.
  2.
  2.
  2.
  2.
  2.
  2.00656076
  2.46397661
  227869.242
  882637.861
  1113943.85
  660560.243
  216253.676
  20072.3523
  966271.65
  2422999.23
  2654311.41
  2062709.74
  1444339.57
  918267.706
  541485.014
  311389.175
  184301.713
  121091.985
  50979.0866
  408.516944
  446.495983
  94.2708571
  35.7831736
  6.6427467
  3.19073842
  2.87299883
  2.6195829
  2.40600154
  2.19051326
  2.04330205
  2.00288008
  2.
  2.
  2.0000062
  2.01194398
  2.01196486
  2.00002708
  2.
  2.
  2.
  2.
  2.
  2.
  2.
  2.
  1.99999808
  1.99999906
  1.99999964
  1.99999993
  2.
  2.
  2.
  2.
  2.
  2.
  2.
  2.
  2.
  2.
  2.
  2.
  2.
  2.14383135
  19833.3653
  957815.315
  2496552.53
  2957312.61
  2168748.94
  1050611.15
  357083.556
  1422151.59
  2867709.75
  2967934.62
  2481964.55
  1657091.42
  971590.564
  543486.491
  303877.952
  179544.804
  119021.31
  50517.3998
  378.930127
  370.350087
  107.811831
  37.315597
  6.63108136
  3.21843945
  2.89844402
  2.62265454
  2.38847173
  2.19479683
  2.05393925
  2.00118495
  2.
  2.
  2.
  2.01108868
  2.01112783
  2.00003915
  2.
  2.
  2.
  2.
  2.
  2.
  2.
  2.
  1.99999808
  1.99999906
  1.99999964
  1.99999993
  2.
  2.
  2.
  2.
  2.
  2.
  2.
  2.
  2.
  2.
  2.
  2.
  2.
  5.53479123
  253738.558
  1852333.56
  3378784.03
  3522775.93
  3092350.39
  2060632.3
  958539.104
  1632455.49
  2992088.89
  2960756.1
  2174872.06
  1346132.59
  843133.197
  497209.7
  284510.951
  172607.915
  101604.387
  35216.6884
  685.421603
  248.236154
  94.0863325
  32.9926864
  6.6661381
  3.19267311
  2.87829686
  2.62680386
  2.39489073
  2.18467527
  2.05324528
  2.00415624
  2.
  2.00000611
  2.00001698
  2.00004268
  2.00005395
  2.00002217
  2.00000003
  2.
  2.
  2.
  2.
  2.
  2.
  2.
  1.99999808
  1.99999906
  1.99999964
  1.99999993
  2.
  2.
  2.
  2.
  2.
  2.
  2.
  2.
  2.
  2.
  2.
  2.
  2.
  520.026158
  574835.857
  2204244.95
  3250890.29
  2993142.35
  2541736.55
  2005636.23
  1360756.16
  1794847.78
  2425767.07
  1337329.18
  686214.891
  938986.088
  723785.794
  457799.874
  270812.745
  168012.807
  83121.0097
  17575.5002
  311.415861
  199.446376
  89.7300586
  33.2811303
  6.68266087
  3.20359425
  2.88693454
  2.61351777
  2.38238245
  2.19146319
  2.05230098
  2.00110383
  2.00000069
  2.00664699
  2.0186386
  2.01229966
  2.0003325
  2.00002515
  2.
  2.
  2.
  2.
  2.
  2.
  2.
  2.
  1.99999808
  1.99999906
  1.99999964
  1.99999993
  2.
  2.
  2.
  2.
  2.
  2.
  2.
  2.
  2.
  2.
  2.
  2.
  2.
  2.04769674
  598307.557
  2085508.76
  2969067.21
  2781260.5
  2419803.85
  1951610.06
  1227631.2
  881036.557
  719584.503
  264775.287
  453049.109
  821801.643
  669920.395
  434329.376
  263401.942
  165224.962
  90751.6686
  25994.7383
  236.722725
  291.0423
  114.320776
  39.489635
  6.66370871
  3.1994854
  2.88193278
  2.62766703
  2.39407519
  2.18190993
  2.05160558
  2.00389852
  2.
  2.00000726
  2.01252881
  2.01257866
  2.00007272
  2.00001561
  2.
  2.
  2.
  2.
  2.
  2.
  2.
  2.
  1.99999808
  1.99999906
  1.99999964
  1.99999993
  2.
  2.
  2.
  2.
  2.
  2.
  2.
  2.
  2.
  2.
  2.
  2.
  2.
  2.03000967
  177387.302
  1598265.51
  2979095.3
  2929297.2
  2545340.96
  2239127.14
  1798040.42
  1034793.91
  396598.112
  124221.017
  419314.078
  754387.916
  619798.244
  416828.392
  261790.408
  165386.222
  112847.051
  47925.7609
  196.131842
  248.137517
  108.952226
  39.5160998
  6.4875856
  3.21870545
  2.8910582
  2.62885141
  2.40986308
  2.20771543
  2.05805283
  2.00124654
  2.
  2.00000001
  2.00020314
  2.01218551
  2.01199829
  2.00001593
  2.00000002
  2.
  2.
  2.
  2.
  2.
  2.
  2.
  1.99999808
  1.99999906
  1.99999964
  1.99999993
  2.
  2.
  2.
  2.
  2.
  2.
  2.
  2.
  2.
  2.
  2.
  2.
  2.
  2.00005356
  1034.30577
  833125.424
  2070455.8
  2295633.11
  1879230.03
  1791581.51
  2053251.66
  1971760.66
  1527729.4
  1201068.1
  1173944.8
  1044379.25
  704266.214
  443204.299
  276627.075
  173552.424
  113822.748
  79204.6567
  33258.0379
  200.754942
  125.200325
  38.3918501
  5.91792577
  3.13717047
  2.89886345
  2.62150559
  2.38768675
  2.18797708
  2.05355993
  2.00164333
  2.
  2.00002083
  2.01253677
  2.01259077
  2.01948838
  2.0194242
  2.00001066
  2.
  2.
  2.
  2.
  2.
  2.
  2.
  1.99999808
  1.99999906
  1.99999964
  1.99999993
  2.
  2.
  2.
  2.
  2.
  2.
  2.
  2.
  2.
  2.
  2.
  2.
  2.
  2.
  115.751062
  217435.023
  564859.435
  570224.74
  447731.639
  913246.723
  1612440.03
  1976487.44
  2115332.01
  1957051.27
  1565579.68
  1119758.77
  736308.847
  469314.792
  293809.544
  184112.216
  118999.622
  82644.5556
  35194.2617
  201.620753
  137.971783
  35.508536
  6.55394744
  3.20615234
  2.89520413
  2.62466222
  2.39003921
  2.19453878
  2.04797573
  2.00139824
  2.
  2.00002378
  2.01256105
  2.02476982
  2.02194463
  2.00971208
  2.
  2.
  2.
  2.
  2.
  2.
  2.
  2.
  1.99999808
  1.99999906
  1.99999964
  1.99999993
  2.
  2.
  2.
  2.
  2.
  2.
  2.
  2.
  2.
  2.
  2.
  2.
  2.
  2.
  20.3131433
  2595.07619
  4178.09422
  57279.2258
  72175.6121
  263292.111
  669026.194
  1125265.64
  1580190.1
  1738936.71
  1557918.1
  1165614.39
  773299.668
  490202.343
  299670.596
  184353.084
  118085.878
  78164.5443
  31160.2979
  103.05318
  117.087165
  39.7628855
  6.70095068
  3.22789333
  2.8941183
  2.62428443
  2.39707162
  2.18662435
  2.04557819
  2.00128286
  2.
  2.00001303
  2.01251612
  2.01255791
  2.00976456
  2.00970975
  2.
  2.
  2.
  2.
  2.
  2.
  2.
  2.
  1.99999808
  1.99999906
  1.99999964
  1.99999993
  2.
  2.
  2.
  2.
  2.
  2.
  2.
  2.
  2.
  2.
  2.
  2.
  2.
  2.
  115.738414
  217433.155
  564855.208
  570221.002
  447729.817
  913249.35
  1612483.99
  1976674.78
  2115813.03
  1958094.21
  1566380.99
  1119863.54
  736321.715
  469315.736
  293809.418
  184112.13
  118999.591
  82644.5551
  35194.2689
  201.620755
  137.971861
  35.5085567
  6.55394743
  3.20615227
  2.89520411
  2.62466207
  2.39003916
  2.19453883
  2.04797576
  2.00139824
  2.
  2.00002378
  2.01256105
  2.02476973
  2.02194455
  2.00971209
  2.
  2.
  2.
  2.
  2.
  2.
  2.
  2.
  1.99999808
  1.99999906
  1.99999964
  1.99999993
  2.
  2.
  2.
  2.
  2.
  2.
  2.
  2.
  2.
  2.
  2.
  2.
  2.
  2.00005355
  1034.32852
  833122.636
  2070450.9
  2295625.43
  1879213.45
  1791605.2
  2053395.72
  1972234.78
  1528915.84
  1206045.56
  1178586.97
  1044931.5
  704337.112
  443209.367
  276626.932
  173552.208
  113822.681
  79204.5655
  33257.9578
  200.753606
  125.200171
  38.3918648
  5.91792551
  3.13717038
  2.8988635
  2.6215057
  2.38768678
  2.18797706
  2.05355999
  2.00164333
  2.
  2.00002083
  2.01253672
  2.01259073
  2.01948835
  2.01942417
  2.00001066
  2.
  2.
  2.
  2.
  2.
  2.
  2.
  1.99999808
  1.99999906
  1.99999964
  1.99999993
  2.
  2.
  2.
  2.
  2.
  2.
  2.
  2.
  2.
  2.
  2.
  2.
  2.
  2.03000915
  177388.372
  1598270.06
  2979103.91
  2929302.28
  2545369.98
  2239278.09
  1798346.72
  1035069.62
  396739.134
  124243.805
  419459.715
  754551.391
  619786.01
  416824.854
  261789.968
  165386.197
  112847.02
  47925.7338
  196.132131
  248.138251
  108.952257
  39.5160982
  6.48758607
  3.21870551
  2.89105815
  2.62885146
  2.40986324
  2.20771549
  2.05805281
  2.00124656
  2.
  2.00000001
  2.0002031
  2.01218556
  2.01199833
  2.00001589
  2.00000002
  2.
  2.
  2.
  2.
  2.
  2.
  2.
  1.99999808
  1.99999906
  1.99999964
  1.99999993
  2.
  2.
  2.
  2.
  2.
  2.
  2.
  2.
  2.
  2.
  2.
  2.
  2.
  2.04771484
  598310.144
  2085524.67
  2969095.64
  2781300.66
  2419883.85
  1951756.14
  1227750.91
  881058.531
  719554.807
  264650.785
  452934.989
  821785.992
  669917.21
  434329.08
  263401.913
  165224.978
  90751.4752
  25994.5367
  236.722561
  291.042184
  114.320663
  39.4896039
  6.66370988
  3.19948529
  2.88193277
  2.62766706
  2.39407508
  2.18190984
  2.05160558
  2.0038985
  2.
  2.0000073
  2.01252893
  2.01257867
  2.00007264
  2.00001561
  2.
  2.
  2.
  2.
  2.
  2.
  2.
  2.
  1.99999808
  1.99999906
  1.99999964
  1.99999993
  2.
  2.
  2.
  2.
  2.
  2.
  2.
  2.
  2.
  2.
  2.
  2.
  2.
  520.099878
  574831.125
  2204260.65
  3250938.9
  2993209.38
  2541796.61
  2005633.96
  1360737.68
  1794856.29
  2425763.66
  1335378.35
  684276.86
  938993.367
  723787.555
  457800.192
  270812.794
  168012.827
  83121.026
  17575.5061
  311.415452
  199.445955
  89.7300076
  33.2811167
  6.68266177
  3.2035943
  2.88693456
  2.61351766
  2.38238237
  2.19146322
  2.05230099
  2.00110385
  2.00000069
  2.00664698
  2.01863856
  2.01229964
  2.0003325
  2.00002515
  2.
  2.
  2.
  2.
  2.
  2.
  2.
  2.
  1.99999808
  1.99999906
  1.99999964
  1.99999993
  2.
  2.
  2.
  2.
  2.
  2.
  2.
  2.
  2.
  2.
  2.
  2.
  2.
  5.53532608
  253738.067
  1852335.47
  3378795.08
  3522794.91
  3092359.78
  2060643.01
  958548.487
  1632453.42
  2992093.12
  2960965.88
  2175090.54
  1346146.44
  843134.373
  497209.824
  284511.03
  172607.952
  101604.705
  35216.999
  685.426348
  248.236882
  94.0864359
  32.9927158
  6.66613841
  3.19267309
  2.87829685
  2.62680398
  2.39489085
  2.1846753
  2.05324529
  2.00415622
  2.
  2.00000609
  2.00001689
  2.00004261
  2.00005395
  2.00002217
  2.00000003
  2.
  2.
  2.
  2.
  2.
  2.
  2.
  1.99999808
  1.99999906
  1.99999964
  1.99999993
  2.
  2.
  2.
  2.
  2.
  2.
  2.
  2.
  2.
  2.
  2.
  2.
  2.
  2.14385604
  19833.261
  957809.365
  2496541.12
  2957296.11
  2168730.49
  1050595.83
  357076.249
  1422154.36
  2867712.29
  2967933.6
  2481963.34
  1657091.57
  971590.681
  543486.549
  303878.006
  179544.833
  119021.336
  50517.4164
  378.931173
  370.350924
  107.811884
  37.3156036
  6.63108229
  3.21843965
  2.89844416
  2.62265452
  2.38847173
  2.19479684
  2.05393918
  2.00118495
  2.
  2.
  2.
  2.01108876
  2.01112791
  2.00003915
  2.
  2.
  2.
  2.
  2.
  2.
  2.
  2.
  1.99999808
  1.99999906
  1.99999964
  1.99999993
  2.
  2.
  2.
  2.
  2.
  2.
  2.
  2.
  2.
  2.
  2.
  2.
  2.
  2.00656188
  2.46410652
  227866.109
  882624.442
  1113923.72
  660546.476
  216249.189
  20068.472
  966263.139
  2422994.28
  2654311.69
  2062709.67
  1444339.25
  918267.374
  541484.884
  311389.156
  184301.721
  121091.963
  50979.0584
  408.517889
  446.496751
  94.270803
  35.7831729
  6.64274688
  3.19073826
  2.87299869
  2.6195829
  2.40600153
  2.1905132
  2.04330209
  2.00288009
  2.
  2.
  2.0000062
  2.011944
  2.01196489
  2.00002708
  2.
  2.
  2.
  2.
  2.
  2.
  2.
  2.
  1.99999808
  1.99999906
  1.99999964
  1.99999993
  2.
  2.
  2.
  2.
  2.
  2.
  2.
  2.
  2.
  2.
  2.
  2.
  2.
  2.
  2.08583795
  1286.57153
  63189.3203
  84043.5052
  32642.1645
  11458.4848
  990.474973
  35.6379424
  1071442.25
  2337334.58
  2129714.85
  1421224.44
  893461.141
  532115.442
  310880.051
  185577.359
  119968.374
  52338.4884
  3569.25034
  505.710288
  94.5764578
  38.2471933
  6.62665982
  3.21557078
  2.89238772
  2.61281405
  2.37804082
  2.18439933
  2.05072332
  2.0036648
  2.
  2.
  2.00001364
  2.0230871
  2.02310022
  2.00002675
  2.
  2.
  2.
  2.
  2.
  2.
  2.
  2.
  1.99999808
  1.99999906
  1.99999964
  1.99999993
  2.
  2.
  2.
  2.
  2.
  2.
  2.
  2.
  2.
  2.
  2.
  2.
  2.
  2.
  2.00025583
  7.05981141
  13.8718169
  1589.50168
  10505.6327
  9663.20906
  771.790467
  33.6519313
  2.12726585
  1230439.28
  2125362.31
  1449987.92
  887242.213
  526844.749
  309193.449
  185175.731
  119745.899
  52385.9116
  3793.2169
  577.63412
  107.929017
  39.7437708
  6.6471436
  3.22334983
  2.89859497
  2.61891206
  2.38289836
  2.18699281
  2.05208395
  2.00392171
  2.
  2.00037647
  2.01287917
  2.02384519
  2.01136404
  2.00002154
  2.
  2.
  2.
  2.
  2.
  2.
  2.
  2.
  1.99999808
  1.99999906
  1.99999964
  1.99999993
  2.
  2.
  2.
  2.
  2.
  2.
  2.
  2.
  2.
  2.
  2.
  2.
  2.
  2.
  2.00000017
  2.24289082
  82.7796493
  3815.31619
  13917.2095
  10371.2064
  189.794679
  3.78875977
  2.78868183
  74449.9387
  1000040.7
  1485161.74
  890612.004
  524370.622
  307042.011
  183911.317
  119528.637
  50299.5845
  1247.65681
  345.699067
  101.517366
  39.6133861
  6.67147096
  3.22016183
  2.89617186
  2.61719978
  2.38176961
  2.18631083
  2.05179306
  2.00387672
  2.00000065
  2.0057109
  2.01834768
  2.02395632
  2.01134169
  2.0000228
  2.
  2.
  2.
  2.
  2.
  2.
  2.
  2.
  1.99999808
  1.99999906
  1.99999964
  1.99999993
  2.
  2.
  2.
  2.
  2.
  2.
  2.
  2.
  2.
  2.
  2.
  2.
  2.
  2.
  2.
  2.05386732
  193.154348
  5870.45488
  15816.569
  10310.1189
  263.963563
  93.2258486
  32.8725665
  20250.5329
  994025.899
  1542980.02
  901034.537
  524240.408
  305373.235
  182725.958
  119952.147
  50322.9709
  460.171029
  447.815365
  123.842632
  38.7954197
  6.6587585
  3.21483049
  2.89204831
  2.61288832
  2.37845932
  2.18504646
  2.05119138
  2.00377367
  2.00000098
  2.00571706
  2.00576751
  2.01136756
  2.01134368
  2.00002755
  2.
  2.
  2.
  2.
  2.
  2.
  2.
  2.
  1.99999808
  1.99999906
  1.99999964
  1.99999993
  2.
  2.
  2.
  2.
  2.
  2.
  2.
  2.
  2.
  2.
  2.
  2.
  2.
  2.
  2.
  2.00090033
  206.390237
  6071.67979
  14035.8627
  8747.03544
  584.969389
  8.5061493
  359526.525
  1815317.56
  2473714.29
  1594234.94
  909258.84
  525280.327
  305169.156
  182400.516
  120141.625
  50599.6152
  292.727222
  355.112529
  119.752427
  38.8113828
  6.6622598
  3.21561839
  2.89273193
  2.61483661
  2.38036792
  2.18561371
  2.05156023
  2.00384969
  2.00000136
  2.00583365
  2.00584868
  2.00005223
  2.00004778
  2.00001196
  2.00000001
  2.
  2.
  2.
  2.
  2.
  2.
  2.
  1.99999808
  1.99999906
  1.99999964
  1.99999993
  2.
  2.
  2.
  2.
  2.
  2.
  2.
  2.
  2.
  2.
  2.
  2.
  2.
  2.
  2.
  2.
  163.24422
  5713.63373
  13301.058
  9497.76766
  1783.6579
  2140.94366
  1981144.66
  3640886.19
  2687797.04
  1610501.12
  919106.983
  527323.241
  305775.086
  182624.93
  119886.643
  50370.5129
  430.525727
  424.898991
  130.003879
  39.6232787
  6.65716232
  3.22454477
  2.89982888
  2.62032953
  2.38457298
  2.18878113
  2.05321738
  2.00415994
  2.00000156
  2.0058605
  2.01772314
  2.03448028
  2.02264391
  2.00002783
  2.
  2.
  2.
  2.
  2.
  2.
  2.
  2.
  1.99999808
  1.99999906
  1.99999964
  1.99999993
  2.
  2.
  2.
  2.
  2.
  2.
  2.
  2.
  2.
  2.
  2.
  2.
  2.
  2.
  2.
  2.
  88.6152665
  5464.61525
  12753.0068
  11028.9385
  3821.58594
  54878.7715
  2057192.05
  3598297.07
  2604501.69
  1593815.93
  920163.34
  528151.352
  306400.465
  183030.426
  119356.867
  49715.815
  507.100871
  471.346615
  106.487226
  40.9150141
  6.6731135
  3.23384751
  2.90963708
  2.62792366
  2.39031589
  2.19305897
  2.05195134
  2.00108394
  2.00000774
  2.01269566
  2.02491883
  2.03534715
  2.02313571
  2.00001947
  2.
  2.
  2.
  2.
  2.
  2.
  2.
  2.
  1.99999808
  1.99999906
  1.99999964
  1.99999993
  2.
  2.
  2.
  2.
  2.
  2.
  2.
  2.
  2.
  2.
  2.
  2.
  2.
  2.
  2.
  2.
  48.892044
  5532.46355
  12489.781
  17103.3642
  10285.2355
  49844.5314
  2080499.19
  3626701.91
  2599480.35
  1588392.47
  920061.135
  528555.557
  306717.059
  183276.048
  119160.76
  49688.7373
  841.054927
  564.515578
  105.913244
  33.7214704
  6.62508775
  3.17800035
  2.88634837
  2.63445042
  2.39704523
  2.19919762
  2.05461357
  2.001144
  2.
  2.00003984
  2.01201876
  2.01208561
  2.00010934
  2.00000265
  2.
  2.
  2.
  2.
  2.
  2.
  2.
  2.
  1.99999808
  1.99999906
  1.99999964
  1.99999993
  2.
  2.
  2.
  2.
  2.
  2.
  2.
  2.
  2.
  2.
  2.
  2.
  2.
  2.
  2.
  2.
  70.2519417
  5902.43143
  12665.819
  18373.0383
  13371.276
  1795457.43
  3876792.87
  3706285.11
  2628890.1
  1590252.79
  919982.061
  528811.544
  306846.274
  183398.032
  119045.568
  49699.0969
  878.031785
  444.525581
  112.910066
  35.1216132
  6.64062727
  3.18946587
  2.87195323
  2.61782494
  2.40227722
  2.20332725
  2.0576404
  2.00243952
  2.
  2.00000567
  2.01221421
  2.0122406
  2.00003323
  2.00000117
  2.
  2.
  2.
  2.
  2.
  2.
  2.
  2.
  1.99999808
  1.99999906
  1.99999964
  1.99999993
  2.
  2.
  2.
  2.
  2.
  2.
  2.
  2.
  2.
  2.
  2.
  2.
  2.
  2.
  2.
  2.
  133.312996
  6410.03818
  13399.0525
  19372.6581
  14051.6538
  1909991.04
  4014819.16
  3722742.78
  2616550.23
  1584060.48
  919315.556
  529114.924
  307075.596
  183577.677
  118931.414
  49825.8845
  1203.02899
  438.728778
  87.5048941
  36.2769168
  6.66348753
  3.20145757
  2.88141442
  2.6251978
  2.40793111
  2.19149074
  2.04360929
  2.00266014
  2.
  2.00000001
  2.00004139
  2.00006279
  2.0000218
  2.00000039
  2.
  2.
  2.
  2.
  2.
  2.
  2.
  2.
  1.99999808
  1.99999906
  1.99999964
  1.99999993
  2.
  2.
  2.
  2.
  2.
  2.
  2.
  2.
  2.
  2.
  2.
  2.
  2.
  2.
  2.
  2.
  186.14923
  6849.06578
  13405.1455
  18753.7242
  12294.1249
  1964268.92
  4046498.09
  3652432.83
  2553332.97
  1564904.73
  917378.381
  529579.207
  307547.11
  183895.388
  118863.411
  50229.0826
  1810.91006
  472.875508
  103.279025
  37.6762378
  6.62276626
  3.21401484
  2.89131094
  2.6125473
  2.37603235
  2.17994825
  2.04733403
  2.00301123
  2.
  2.
  2.00000049
  2.00054028
  2.00054033
  2.00000055
  2.
  2.
  2.
  2.
  2.
  2.
  2.
  2.
  1.99999808
  1.99999906
  1.99999964
  1.99999993
  2.
  2.
  2.
  2.
  2.
  2.
  2.
  2.
  2.
  2.
  2.
  2.
  2.
  2.
  2.
  2.
  296.616494
  7060.98322
  13617.9906
  58147.4243
  1555345.39
  3659928.91
  4230306.49
  3594950.21
  2484447.43
  1542864.76
  915100.401
  530142.508
  308039.22
  184213.487
  118846.487
  50753.2704
  2430.67265
  447.18647
  111.271776
  37.1688477
  6.63116634
  3.22519705
  2.9001031
  2.62048599
  2.38331444
  2.18657412
  2.05127105
  2.00350697
  2.
  2.
  2.00000093
  2.00104729
  2.00104731
  2.00000095
  2.
  2.
  2.
  2.
  2.
  2.
  2.
  2.
  1.99999808
  1.99999906
  1.99999964
  1.99999993
  2.
  2.
  2.
  2.
  2.
  2.
  2.
  2.
  2.
  2.
  2.
  2.
  2.
  2.
  2.
  2.14970577
  385.027655
  6806.00882
  12976.1646
  747458.573
  2508984.52
  4029928.48
  4339601.62
  3557829.29
  2425212.5
  1520892.67
  911803.778
  530147.956
  308281.825
  184426.074
  118831.786
  51352.5402
  3129.15373
  413.112676
  82.294923
  37.7655774
  6.64506476
  3.23184689
  2.90755104
  2.62618212
  2.38761279
  2.18978154
  2.0529361
  2.00381283
  2.
  2.
  2.00020274
  2.01250112
  2.01230182
  2.00000344
  2.
  2.
  2.
  2.
  2.
  2.
  2.
  2.
  1.99999808
  1.99999906
  1.99999964
  1.99999993
  2.
  2.
  2.
  2.
  2.
  2.
  2.
  2.
  2.
  2.
  2.
  2.
  2.
  2.
  2.
  2.34879653
  504.676906
  4703.67565
  41021.3559
  1190231.37
  3243385.19
  4359207.03
  4206696.52
  3336900.05
  2320790.19
  1493029.36
  907406.28
  530039.348
  308688.595
  184770.025
  118880.373
  52593.6995
  4615.85128
  572.029737
  92.2520998
  38.2643819
  6.59016511
  3.20217721
  2.91003171
  2.63008968
  2.39050361
  2.19190009
  2.05402263
  2.00400838
  2.
  2.00000015
  2.00019013
  2.00073136
  2.00054319
  2.0000018
  2.
  2.
  2.
  2.
  2.
  2.
  2.
  2.
  1.99999808
  1.99999906
  1.99999964
  1.99999993
  2.
  2.
  2.
  2.
  2.
  2.
  2.
  2.
  2.
  2.
  2.
  2.
  2.
  2.
  2.
  2.48676941
  680.799707
  1400.31476
  158241.411
  1705573.49
  3637220.72
  4180026.29
  3772119.1
  2962684.77
  2176912.55
  1463027.95
  903289.528
  530460.843
  309383.453
  185244.081
  118994.616
  54541.0494
  6597.55193
  548.62946
  103.199225
  38.9409746
  6.59101733
  3.18127879
  2.88711834
  2.63327173
  2.39339376
  2.19399234
  2.05508595
  2.00419921
  2.
  2.00000008
  2.00013275
  2.0006558
  2.00052542
  2.00000231
  2.
  2.
  2.
  2.
  2.
  2.
  2.
  2.
  1.99999808
  1.99999906
  1.99999964
  1.99999993
  2.
  2.
  2.
  2.
  2.
  2.
  2.
  2.
  2.
  2.
  2.
  2.
  2.
  2.
  2.
  2.54145913
  759.65662
  1534.3828
  248666.005
  1888467.44
  3686934.14
  4022602.26
  3534305.3
  2782190.17
  2108868.69
  1451079.46
  902581.425
  531326.677
  309964.155
  185565.591
  119102.14
  55734.0755
  7816.48147
  573.204039
  111.518103
  39.6210077
  6.59071857
  3.18485088
  2.88997163
  2.63552205
  2.39608261
  2.19609666
  2.05556706
  2.00430807
  2.
  2.00003669
  2.01250779
  2.01250853
  2.00004055
  2.00000312
  2.
  2.
  2.
  2.
  2.
  2.
  2.
  2.
  1.99999808
  1.99999906
  1.99999964
  1.99999993
  2.
  2.
  2.
  2.
  2.
  2.
  2.
  2.
  2.
  2.
  2.
  2.
  2.
  2.
  2.
  2.51180196
  789.276166
  1585.75914
  236404.945
  1848051.35
  3725216.28
  4228583.48
  3823804.34
  3001785.55
  2191577.27
  1466947.67
  906021.854
  532046.52
  310052.609
  185540.012
  119125.632
  55213.4603
  7242.85187
  556.434511
  111.34902
  39.5730326
  6.59052426
  3.18415225
  2.88943311
  2.63513738
  2.39579744
  2.19587893
  2.0554533
  2.00428568
  2.
  2.0000354
  2.01252385
  2.01252659
  2.00005313
  2.00001499
  2.
  2.
  2.
  2.
  2.
  2.
  2.
  2.
  1.99999808
  1.99999906
  1.99999964
  1.99999993
  2.
  2.
  2.
  2.
  2.
  2.
  2.
  2.
  2.
  2.
  2.
  2.
  2.
  2.
  2.
  2.39037027
  744.050024
  4604.91804
  105043.661
  1367683.23
  3388767.
  4448955.13
  4372289.77
  3508204.73
  2396231.76
  1510108.56
  914449.614
  533180.077
  309912.489
  185257.229
  119106.281
  53245.2737
  5006.53685
  379.273527
  102.568856
  38.8489193
  6.61450064
  3.17925306
  2.8855462
  2.63212179
  2.3925425
  2.19335472
  2.05475827
  2.00413465
  2.
  2.00000014
  2.00016954
  2.00068618
  2.00055737
  2.00004059
  2.
  2.
  2.
  2.
  2.
  2.
  2.
  2.
  1.99999808
  1.99999906
  1.99999964
  1.99999993
  2.
  2.
  2.
  2.
  2.
  2.
  2.
  2.
  2.
  2.
  2.
  2.
  2.
  2.
  2.
  2.22683175
  725.344291
  8315.20066
  41044.4199
  864235.321
  2642942.72
  4139675.49
  4602402.1
  3917153.11
  2624820.03
  1567386.96
  924309.193
  534825.681
  309893.285
  184969.27
  119130.998
  51434.4956
  3229.54999
  559.558607
  91.9032967
  38.1695572
  6.61271417
  3.19951606
  2.90803044
  2.62866677
  2.38943063
  2.19109793
  2.05360513
  2.00392321
  2.
  2.00000011
  2.00018948
  2.0006908
  2.00057136
  2.00006993
  2.
  2.
  2.
  2.
  2.
  2.
  2.
  2.
  1.99999808
  1.99999906
  1.99999964
  1.99999993
  2.
  2.
  2.
  2.
  2.
  2.
  2.
  2.
  2.
  2.
  2.
  2.
  2.
  2.
  2.
  2.08865263
  750.5867
  9580.51179
  34674.0302
  606962.493
  2107238.24
  1528558.3
  2127744.59
  3875512.93
  2780204.12
  1622180.94
  933138.309
  536445.269
  309919.521
  184736.663
  119194.672
  50392.6597
  2003.00856
  546.871948
  83.2265592
  37.5166145
  6.64652446
  3.22908071
  2.90535614
  2.62455705
  2.38639235
  2.18888847
  2.05247275
  2.00371483
  2.
  2.00000006
  2.00018864
  2.00068357
  2.00059596
  2.00010098
  2.
  2.
  2.
  2.
  2.
  2.
  2.
  2.
  1.99999808
  1.99999906
  1.99999964
  1.99999993
  2.
  2.
  2.
  2.
  2.
  2.
  2.
  2.
  2.
  2.
  2.
  2.
  2.
  2.
  2.
  2.10286293
  777.432648
  9894.50552
  39839.5416
  589182.804
  616365.778
  58142.3161
  4510.20477
  1729039.19
  2773095.8
  1645433.76
  939389.186
  538023.291
  310143.349
  184653.937
  119273.326
  50007.869
  1391.09605
  488.602499
  113.781276
  37.0629114
  6.64057119
  3.22703157
  2.90139278
  2.6214861
  2.38409544
  2.1872081
  2.05160857
  2.00355507
  2.
  2.
  2.000001
  2.00048133
  2.00061228
  2.00013195
  2.
  2.
  2.
  2.
  2.
  2.
  2.
  2.
  1.99999808
  1.99999906
  1.99999964
  1.99999993
  2.
  2.
  2.
  2.
  2.
  2.
  2.
  2.
  2.
  2.
  2.
  2.
  2.
  2.
  2.
  2.04745438
  815.531568
  10083.7834
  41284.0012
  590344.511
  701048.137
  325671.585
  2368428.68
  3941576.71
  2802509.05
  1644472.07
  940709.217
  538527.704
  310317.496
  184690.75
  119317.183
  50010.7866
  1352.46049
  483.615097
  112.736518
  36.8663144
  6.63514377
  3.22464814
  2.89943487
  2.61990497
  2.38287313
  2.1862962
  2.0511356
  2.00346751
  2.
  2.
  2.00000018
  2.00002806
  2.0001811
  2.00015338
  2.00000016
  2.
  2.
  2.
  2.
  2.
  2.
  2.
  1.99999808
  1.99999906
  1.99999964
  1.99999993
  2.
  2.
  2.
  2.
  2.
  2.
  2.
  2.
  2.
  2.
  2.
  2.
  2.
  2.
  2.
  2.02649494
  866.629026
  10255.0147
  40255.3498
  631996.197
  2220255.
  3916650.32
  4534719.44
  3888387.56
  2668846.14
  1613660.12
  938765.975
  538897.472
  310710.512
  184901.985
  119336.391
  50319.2061
  1748.17997
  516.06692
  113.296802
  36.8719815
  6.6287103
  3.2243541
  2.89911747
  2.6195455
  2.38252958
  2.18601356
  2.05098559
  2.00343971
  2.
  2.
  2.00000809
  2.01135782
  2.01154054
  2.00019081
  2.
  2.
  2.
  2.
  2.
  2.
  2.
  2.
  1.99999808
  1.99999906
  1.99999964
  1.99999993
  2.
  2.
  2.
  2.
  2.
  2.
  2.
  2.
  2.
  2.
  2.
  2.
  2.
  2.
  2.
  2.04167043
  894.630978
  10139.2796
  44138.7683
  746890.13
  2533318.88
  4160090.9
  4457250.63
  3660429.94
  2528789.83
  1579200.46
  934867.069
  538862.681
  311068.94
  185131.32
  119355.023
  50785.9066
  2363.77766
  597.977123
  114.127006
  36.9679303
  6.62270437
  3.22497998
  2.89953948
  2.61974306
  2.38258983
  2.18602827
  2.05099377
  2.00344179
  2.
  2.
  2.00000745
  2.0117555
  2.01195342
  2.00020536
  2.
  2.
  2.
  2.
  2.
  2.
  2.
  2.
  1.99999808
  1.99999906
  1.99999964
  1.99999993
  2.
  2.
  2.
  2.
  2.
  2.
  2.
  2.
  2.
  2.
  2.
  2.
  2.
  2.
  2.
  2.09484493
  912.00928
  9487.7566
  58373.4091
  929236.651
  2897740.46
  4336791.1
  4304580.73
  3448281.4
  2430148.05
  1557402.56
  931807.842
  538862.027
  311332.429
  185311.034
  119365.188
  51230.2944
  2667.24519
  372.763726
  81.4986789
  37.0998259
  6.61866498
  3.22556176
  2.89995113
  2.61994018
  2.38264951
  2.18604868
  2.05101044
  2.00344591
  2.
  2.
  2.00000579
  2.01175651
  2.0119534
  2.00020268
  2.
  2.
  2.
  2.
  2.
  2.
  2.
  2.
  1.99999808
  1.99999906
  1.99999964
  1.99999993
  2.
  2.
  2.
  2.
  2.
  2.
  2.
  2.
  2.
  2.
  2.
  2.
  2.
  2.
  2.
  2.12741926
  915.098258
  9087.39014
  72777.4076
  1020701.45
  3011486.76
  4360062.14
  4252527.14
  3387958.88
  2402436.78
  1550486.08
  930442.549
  538861.64
  311457.663
  185385.861
  119376.689
  51377.0402
  2843.40903
  390.787231
  81.0606958
  37.0708163
  6.61410011
  3.22517717
  2.89963878
  2.61961051
  2.38233322
  2.18580788
  2.05089875
  2.00342697
  2.
  2.
  2.00000312
  2.01175488
  2.01194132
  2.00018956
  2.
  2.
  2.
  2.
  2.
  2.
  2.
  2.
  1.99999808
  1.99999906
  1.99999964
  1.99999993
  2.
  2.
  2.
  2.
  2.
  2.
  2.
  2.
  2.
  2.
  2.
  2.
  2.
  2.
  2.
  2.11730192
  900.412093
  9469.93499
  71970.2769
  942565.678
  2860038.53
  4314895.14
  4354132.36
  3494787.87
  2441609.82
  1555223.33
  930559.295
  538855.716
  311463.959
  185361.053
  119393.733
  51165.2874
  2537.56159
  362.874456
  113.993544
  36.8458237
  6.61063372
  3.22354076
  2.89837733
  2.61858947
  2.38152494
  2.18522238
  2.05061429
  2.00337658
  2.
  2.
  2.00000015
  2.01138636
  2.01155129
  2.00016508
  2.
  2.
  2.
  2.
  2.
  2.
  2.
  2.
  1.99999808
  1.99999906
  1.99999964
  1.99999993
  2.
  2.
  2.
  2.
  2.
  2.
  2.
  2.
  2.
  2.
  2.
  2.
  2.
  2.
  2.
  2.08249853
  897.001563
  9847.11654
  69356.8632
  854016.24
  2664431.92
  4212361.61
  4417117.88
  3577822.74
  2474996.92
  1561799.34
  931434.983
  539000.164
  311478.316
  185330.605
  119414.238
  50926.03
  2498.18695
  601.963637
  112.352549
  36.6647164
  6.60907504
  3.22162075
  2.89690985
  2.61624637
  2.3784616
  2.18264721
  2.04910734
  2.00308023
  2.
  2.
  2.00000033
  2.01138452
  2.011524
  2.00013981
  2.
  2.
  2.
  2.
  2.
  2.
  2.
  2.
  1.99999808
  1.99999906
  1.99999964
  1.99999993
  2.
  2.
  2.
  2.
  2.
  2.
  2.
  2.
  2.
  2.
  2.
  2.
  2.
  2.
  2.
  2.05526977
  908.362099
  9966.6441
  66367.3819
  841094.763
  2657914.87
  4211997.01
  4399645.45
  3559642.77
  2471343.38
  1562883.25
  931896.293
  539150.271
  311542.893
  185345.747
  119426.271
  50864.1494
  2385.21609
  564.15454
  112.627287
  37.8379568
  6.60623102
  3.22029194
  2.8959104
  2.61547645
  2.37785824
  2.18219894
  2.04888783
  2.00304508
  2.
  2.
  2.0000009
  2.01137941
  2.01149085
  2.00011234
  2.
  2.
  2.
  2.
  2.
  2.
  2.
  2.
  1.99999808
  1.99999906
  1.99999964
  1.99999993
  2.
  2.
  2.
  2.
  2.
  2.
  2.
  2.
  2.
  2.
  2.
  2.
  2.
  2.
  2.
  2.04587877
  922.801839
  10002.9726
  63401.7135
  854623.271
  2714903.23
  4239895.89
  4356463.59
  3517429.44
  2459192.62
  1562662.89
  932278.427
  539233.792
  311584.125
  185360.513
  119432.538
  50840.043
  2233.1406
  441.350416
  111.824493
  37.7165335
  6.60515494
  3.2191762
  2.89508124
  2.61486953
  2.37740174
  2.18186078
  2.04871933
  2.00301771
  2.
  2.
  2.00000013
  2.00097735
  2.00105625
  2.00007904
  2.
  2.
  2.
  2.
  2.
  2.
  2.
  2.
  1.99999808
  1.99999906
  1.99999964
  1.99999993
  2.
  2.
  2.
  2.
  2.
  2.
  2.
  2.
  2.
  2.
  2.
  2.
  2.
  2.
  2.
  2.03246341
  933.853305
  10129.8847
  60153.5721
  834469.623
  2680578.23
  4212236.91
  4341376.64
  3512496.18
  2461291.4
  1565581.96
  933206.868
  539306.728
  311565.421
  185333.634
  119438.741
  50725.8058
  2081.43485
  421.561015
  109.797677
  37.529172
  6.58200526
  3.217712
  2.89403194
  2.61414546
  2.37689311
  2.18149517
  2.04853606
  2.00298852
  2.
  2.
  2.00000022
  2.00096836
  2.00102122
  2.00005307
  2.
  2.
  2.
  2.
  2.
  2.
  2.
  2.
  1.99999808
  1.99999906
  1.99999964
  1.99999993
  2.
  2.
  2.
  2.
  2.
  2.
  2.
  2.
  2.
  2.
  2.
  2.
  2.
  2.
  2.
  2.00021123
  914.299739
  10231.2378
  54050.0629
  804429.596
  2643580.75
  4193397.
  4348040.94
  3541520.91
  2484605.08
  1573735.07
  934823.784
  539328.734
  311460.111
  185249.991
  119442.293
  50538.6329
  1965.56397
  526.465937
  108.152764
  37.294272
  6.58201478
  3.21551872
  2.89235367
  2.61293782
  2.37603576
  2.18087686
  2.04822396
  2.00293953
  2.
  2.
  2.00000022
  2.00054248
  2.00057018
  2.00002792
  2.
  2.
  2.
  2.
  2.
  2.
  2.
  2.
  1.99999808
  1.99999906
  1.99999964
  1.99999993
  2.
  2.
  2.
  2.
  2.
  2.
  2.
  2.
  2.
  2.
  2.
  2.
  2.
  2.
  2.
  2.
  941.057646
  10428.6839
  49148.5064
  748247.279
  2509423.33
  4111218.27
  4426381.68
  3680136.53
  2564466.35
  1595376.29
  937980.84
  539427.763
  311214.07
  185068.663
  119452.214
  50199.3089
  1475.02528
  452.301916
  105.073654
  36.9517511
  6.5846591
  3.21248999
  2.89003512
  2.63512119
  2.39868772
  2.17914407
  2.04699987
  2.00294885
  2.
  2.
  2.00000021
  2.00054218
  2.0005473
  2.00000533
  2.
  2.
  2.
  2.
  2.
  2.
  2.
  2.
  1.99999808
  1.99999906
  1.99999964
  1.99999993
  2.
  2.
  2.
  2.
  2.
  2.
  2.
  2.
  2.
  2.
  2.
  2.
  2.
  2.
  2.
  2.00003967
  987.005625
  10531.4263
  49120.9795
  694422.425
  2331266.12
  3956660.09
  4494943.97
  3868940.97
  2680746.09
  1624869.04
  941518.672
  539481.645
  310906.072
  184845.048
  119488.34
  49875.1501
  775.080883
  194.129184
  100.238104
  36.6005443
  6.63640532
  3.20906417
  2.88742137
  2.62984875
  2.39280605
  2.17705467
  2.04655898
  2.00288213
  2.
  2.
  2.00000018
  2.00054232
  2.00054246
  2.00000032
  2.
  2.
  2.
  2.
  2.
  2.
  2.
  2.
  1.99999808
  1.99999906
  1.99999964
  1.99999993
  2.
  2.
  2.
  2.
  2.
  2.
  2.
  2.
  2.
  2.
  2.
  2.
  2.
  2.
  2.
  2.00530149
  948.58634
  10326.0811
  52092.0432
  664391.374
  2193624.29
  3817065.95
  4502774.92
  3984478.95
  2774585.4
  1648362.61
  943867.282
  539448.845
  310657.61
  184670.599
  119549.567
  49708.1847
  719.628527
  430.958634
  96.3306287
  36.0474252
  6.6399303
  3.20668972
  2.88554408
  2.6284847
  2.41045293
  2.19344725
  2.04469178
  2.00283697
  2.
  2.
  2.0000002
  2.00054252
  2.00054329
  2.00000097
  2.
  2.
  2.
  2.
  2.
  2.
  2.
  2.
  1.99999808
  1.99999906
  1.99999964
  1.99999993
  2.
  2.
  2.
  2.
  2.
  2.
  2.
  2.
  2.
  2.
  2.
  2.
  2.
  2.
  2.
  2.00075896
  942.130221
  10284.7176
  53547.2009
  657580.724
  2149694.66
  3771772.14
  4498127.07
  4021621.86
  2814034.16
  1655943.14
  944062.172
  539323.601
  310568.258
  184625.942
  119576.402
  49672.122
  617.387497
  408.225982
  95.0438747
  35.9721724
  6.64395999
  3.20631522
  2.88522702
  2.62834859
  2.41055934
  2.19360829
  2.04473402
  2.00284461
  2.
  2.
  2.00000029
  2.00054274
  2.0005446
  2.00000215
  2.
  2.
  2.
  2.
  2.
  2.
  2.
  2.
  1.99999808
  1.99999906
  1.99999964
  1.99999993
  2.
  2.
  2.
  2.
  2.
  2.
  2.
  2.
  2.
  2.
  2.
  2.
  2.
  2.
  2.
  2.
  981.069242
  10561.2104
  50369.2716
  659027.514
  2191743.53
  3817539.61
  4499556.29
  3972911.5
  2757832.41
  1639194.99
  941695.454
  539129.407
  310722.915
  184768.683
  119519.099
  49751.9235
  843.929788
  446.205872
  99.6333945
  36.5147512
  6.6466364
  3.20876787
  2.88711313
  2.62989819
  2.39328205
  2.17759375
  2.0467863
  2.00292661
  2.
  2.
  2.00000047
  2.00054307
  2.000546
  2.0000034
  2.
  2.
  2.
  2.
  2.
  2.
  2.
  2.
  1.99999808
  1.99999906
  1.99999964
  1.99999993
  2.
  2.
  2.
  2.
  2.
  2.
  2.
  2.
  2.
  2.
  2.
  2.
  2.
  2.
  2.
  2.
  984.648492
  10799.0822
  49296.2177
  691315.801
  2313556.1
  3932524.11
  4475125.73
  3839836.88
  2647917.75
  1607191.6
  937315.973
  538858.703
  311025.13
  185028.077
  119461.861
  50028.7564
  1246.03209
  418.456153
  105.112522
  36.991195
  6.60020015
  3.21306535
  2.89038614
  2.61225838
  2.37619398
  2.18020023
  2.04753739
  2.00304555
  2.
  2.
  2.00000073
  2.00056322
  2.00056702
  2.00000452
  2.
  2.
  2.
  2.
  2.
  2.
  2.
  2.
  1.99999808
  1.99999906
  1.99999964
  1.99999993
  2.
  2.
  2.
  2.
  2.
  2.
  2.
  2.
  2.
  2.
  2.
  2.
  2.
  2.
  2.
  2.00030817
  924.840705
  10633.2181
  57071.6676
  798110.893
  2550658.89
  4100011.68
  4403711.47
  3638858.96
  2514099.32
  1568565.84
  931649.177
  538420.207
  311360.336
  185326.037
  119445.171
  50534.6603
  1976.84773
  512.310437
  109.760313
  37.5910278
  6.60417554
  3.21824995
  2.89435611
  2.61511565
  2.37833587
  2.18281747
  2.04920314
  2.00311002
  2.
  2.
  2.00001649
  2.01137415
  2.01136948
  2.00001182
  2.
  2.
  2.
  2.
  2.
  2.
  2.
  2.
  1.99999808
  1.99999906
  1.99999964
  1.99999993
  2.
  2.
  2.
  2.
  2.
  2.
  2.
  2.
  2.
  2.
  2.
  2.
  2.
  2.
  2.
  2.16073735
  935.967586
  10277.3572
  81678.054
  1034652.54
  2962866.21
  4288192.06
  4266993.17
  3428633.4
  2403122.87
  1539317.05
  926961.055
  538039.841
  311571.866
  185559.909
  119431.119
  51135.8193
  2755.40582
  587.648843
  112.948576
  36.7694845
  6.60430398
  3.22304564
  2.89813422
  2.61925495
  2.3827587
  2.18640203
  2.05123554
  2.00350293
  2.
  2.
  2.0000208
  2.01139584
  2.01138721
  2.00001217
  2.
  2.
  2.
  2.
  2.
  2.
  2.
  2.
  1.99999808
  1.99999906
  1.99999964
  1.99999993
  2.
  2.
  2.
  2.
  2.
  2.
  2.
  2.
  2.
  2.
  2.
  2.
  2.
  2.
  2.
  2.20958564
  955.257373
  9131.00181
  137528.495
  1342419.93
  3344251.58
  4345734.94
  4037922.98
  3188340.69
  2298905.19
  1515736.22
  922886.749
  537719.777
  311775.853
  185771.3
  119433.878
  51857.4583
  3436.68193
  433.336272
  81.2489154
  36.9791223
  6.62224366
  3.22333741
  2.90059034
  2.62115795
  2.38419971
  2.18744622
  2.05176439
  2.00359986
  2.
  2.
  2.00002486
  2.01165501
  2.01164274
  2.00001259
  2.
  2.
  2.
  2.
  2.
  2.
  2.
  2.
  1.99999808
  1.99999906
  1.99999964
  1.99999993
  2.
  2.
  2.
  2.
  2.
  2.
  2.
  2.
  2.
  2.
  2.
  2.
  2.
  2.
  2.
  2.22951757
  964.699228
  8532.0275
  170471.31
  1456848.55
  3442898.62
  4316235.78
  3910463.92
  3068142.25
  2250519.61
  1505874.6
  921268.832
  537643.106
  311891.013
  185866.767
  119441.909
  52202.6208
  3845.39063
  468.413563
  82.2184289
  37.0998835
  6.62262988
  3.22454603
  2.90152928
  2.6218809
  2.38474249
  2.1878389
  2.05196281
  2.00363622
  2.
  2.
  2.00000024
  2.0000262
  2.00003214
  2.00000618
  2.
  2.
  2.
  2.
  2.
  2.
  2.
  2.
