  0.
  0.
  0.
  0.
  0.
  0.
  0.
  0.
  0.
  0.
  0.
  0.
  0.
  0.
  0.
  0.
  0.
  0.
  3.73765581E-07
  1.24753965E-05
  5.53615286E-05
  0.000232742371
  0.00172002713
  0.00626525952
  0.0129291304
  0.01822782
  0.0202221976
  0.0197158406
  0.0181097868
  0.0162019424
  0.014296723
  0.0122208146
  0.009192373
  0.00488365457
  0.00126033326
  2.86321056E-05
  5.76747183E-06
  5.78385615E-06
  5.82349226E-06
  5.95615778E-06
  6.1249745E-06
  6.23765955E-06
  6.29878437E-06
  6.35688858E-06
  6.44500131E-06
  6.56855595E-06
  6.69303423E-06
  6.78900305E-06
  6.82959981E-06
  6.82189044E-06
  6.90186899E-06
  5.29963585E-06
  1.80660041E-06
  2.13225399E-09
  0.
  0.
  0.
  0.
  0.
  0.
  0.
  0.
  0.
  0.
  0.
  0.
  0.
  0.
  0.
  0.
  0.
  0.
  0.
  0.
  0.
  0.
  0.
  0.
  0.
  0.
  2.86648136E-07
  1.22829454E-05
  5.76878367E-05
  0.000187299169
  0.00100366959
  0.00359232709
  0.00776373641
  0.0117534752
  0.0142722891
  0.0153282299
  0.0153319044
  0.0145821083
  0.0133533902
  0.0116595816
  0.00885674683
  0.00470831376
  0.00120445871
  2.34208266E-05
  5.75678868E-06
  5.8229099E-06
  5.9167812E-06
  6.00877978E-06
  6.12549827E-06
  6.23025551E-06
  6.28946064E-06
  6.34852004E-06
  6.43769055E-06
  6.5622143E-06
  6.68743764E-06
  6.78415821E-06
  6.82558646E-06
  6.81848818E-06
  6.89519165E-06
  5.29027529E-06
  1.80239051E-06
  2.20568567E-09
  0.
  0.
  0.
  0.
  0.
  0.
  0.
  0.
  0.
  0.
  0.
  0.
  0.
  0.
  0.
  0.
  0.
  0.
  0.
  0.
  0.
  0.
  0.
  0.
  0.
  0.
  5.49320144E-10
  1.17562548E-05
  5.88413611E-05
  0.00017119858
  0.000575578139
  0.00181793497
  0.00420437089
  0.00717327935
  0.00984756848
  0.0118488006
  0.0130018491
  0.0131617492
  0.012499634
  0.0111330568
  0.00853088979
  0.00453421212
  0.00114895584
  1.85600331E-05
  5.73870757E-06
  5.8053442E-06
  5.89951268E-06
  5.99197393E-06
  6.1092628E-06
  6.21480296E-06
  6.27206073E-06
  6.32640839E-06
  6.41375067E-06
  6.54039778E-06
  6.67189649E-06
  6.77356191E-06
  6.81631973E-06
  6.81275967E-06
  6.89081801E-06
  5.28585942E-06
  1.80069947E-06
  2.13656714E-09
  0.
  0.
  0.
  0.
  0.
  0.
  0.
  0.
  0.
  0.
  0.
  0.
  0.
  0.
  0.
  0.
  0.
  0.
  0.
  0.
  0.
  0.
  0.
  0.
  0.
  0.
  0.
  1.21253357E-05
  6.12219278E-05
  0.000171982416
  0.000431318612
  0.00104940389
  0.00224765565
  0.00401005739
  0.00619320633
  0.00863155901
  0.0107127057
  0.0117218512
  0.0116109442
  0.0105717045
  0.0081770788
  0.00434336218
  0.00108884718
  1.37793821E-05
  5.71487948E-06
  5.78420001E-06
  5.87953988E-06
  5.97299601E-06
  6.09160276E-06
  6.19845269E-06
  6.25769222E-06
  6.31411003E-06
  6.39931197E-06
  6.52396877E-06
  6.66015438E-06
  6.76590874E-06
  6.80967044E-06
  6.80716051E-06
  6.84553251E-06
  5.20085175E-06
  1.75815142E-06
  1.92278007E-09
  0.
  0.
  0.
  0.
  0.
  0.
  0.
  0.
  0.
  0.
  0.
  0.
  0.
  0.
  0.
  0.
  0.
  0.
  0.
  0.
  0.
  0.
  0.
  0.
  0.
  0.
  0.
  1.19958278E-05
  6.10725814E-05
  0.000175573872
  0.000402823444
  0.000715393389
  0.00105658462
  0.0016796055
  0.00322111603
  0.00592053167
  0.00878228971
  0.0105104914
  0.0108569102
  0.0100919255
  0.00787455187
  0.00418113785
  0.00103866845
  1.02486204E-05
  5.7993834E-06
  5.86407959E-06
  5.95903316E-06
  6.06375476E-06
  6.13078176E-06
  6.18467791E-06
  6.29578403E-06
  6.40092386E-06
  6.43289362E-06
  6.51123019E-06
  6.65225804E-06
  6.75904162E-06
  6.80398771E-06
  6.8024483E-06
  6.84131895E-06
  5.19761567E-06
  1.75676735E-06
  1.73247083E-09
  0.
  0.
  0.
  0.
  0.
  0.
  0.
  0.
  0.
  0.
  0.
  0.
  0.
  0.
  0.
  0.
  0.
  0.
  0.
  0.
  0.
  0.
  0.
  0.
  0.
  0.
  1.35361891E-09
  1.176425E-05
  6.01604351E-05
  0.000179206627
  0.000413988938
  0.000615254385
  0.000567792391
  0.000637701841
  0.00182901954
  0.00461322152
  0.00783100677
  0.00989495186
  0.0104617431
  0.00983592956
  0.00771158133
  0.00409349288
  0.00101181914
  8.47223137E-06
  5.79011643E-06
  5.85460546E-06
  5.95032508E-06
  6.0560711E-06
  6.12277699E-06
  6.17648858E-06
  6.28823436E-06
  6.4491436E-06
  6.53204462E-06
  6.5502089E-06
  6.64158725E-06
  6.75475528E-06
  6.8004521E-06
  6.79950491E-06
  6.836628E-06
  5.19095049E-06
  1.75279578E-06
  1.09665796E-09
  0.
  0.
  0.
  0.
  0.
  0.
  0.
  0.
  0.
  0.
  0.
  0.
  0.
  0.
  0.
  0.
  0.
  0.
  0.
  0.
  0.
  0.
  0.
  0.
  0.
  0.
  9.45422441E-09
  1.18273545E-05
  6.01244065E-05
  0.000176771359
  0.000417457251
  0.000722761627
  0.00097459705
  0.00147096072
  0.00295076386
  0.00564373556
  0.00851357773
  0.0102764259
  0.0106781988
  0.00996524811
  0.00778907374
  0.00413344641
  0.0010237284
  9.23666774E-06
  5.7917998E-06
  5.85590032E-06
  5.95151427E-06
  6.05738467E-06
  6.12382288E-06
  6.17725999E-06
  6.28893261E-06
  6.44943492E-06
  6.5318624E-06
  6.55009677E-06
  6.64164507E-06
  6.75474477E-06
  6.80034229E-06
  6.79929625E-06
  6.83787196E-06
  5.19383653E-06
  1.75436496E-06
  1.14943454E-09
  0.
  0.
  0.
  0.
  0.
  0.
  0.
  0.
  0.
  0.
  0.
  0.
  0.
  0.
  0.
  0.
  0.
  0.
  0.
  0.
  0.
  0.
  0.
  0.
  0.
  0.
  7.06790705E-11
  1.20548813E-05
  6.0576356E-05
  0.000171244258
  0.000445180049
  0.00110787071
  0.00231889782
  0.00398172105
  0.00598889052
  0.00826044514
  0.0102619838
  0.0113103433
  0.0112956461
  0.0103471596
  0.00802484137
  0.00425786637
  0.00106162394
  1.18210219E-05
  5.79827881E-06
  5.8629568E-06
  5.95942511E-06
  6.06525854E-06
  6.13135778E-06
  6.18436126E-06
  6.29539674E-06
  6.3999387E-06
  6.4313994E-06
  6.50988538E-06
  6.65103861E-06
  6.75775409E-06
  6.80269825E-06
  6.80110742E-06
  6.83921727E-06
  5.19433446E-06
  1.75408514E-06
  9.19290556E-10
  0.
  0.
  0.
  0.
  0.
  0.
  0.
  0.
  0.
  0.
  0.
  0.
  0.
  0.
  0.
  0.
  0.
  0.
  0.
  0.
  0.
  0.
  0.
  0.
  0.
  0.
  0.
  1.18756555E-05
  5.89415037E-05
  0.000164697144
  0.000513848534
  0.00168513443
  0.00411938726
  0.00717993798
  0.009743404
  0.0114435527
  0.0123894007
  0.0125749317
  0.0120480951
  0.0108108015
  0.00831188205
  0.00441049464
  0.00110890224
  1.52827849E-05
  5.71403779E-06
  5.78126819E-06
  5.87652378E-06
  5.9708084E-06
  6.08838015E-06
  6.19443599E-06
  6.3034858E-06
  6.41007115E-06
  6.4456242E-06
  6.52001718E-06
  6.65623201E-06
  6.7622271E-06
  6.80634839E-06
  6.80406565E-06
  6.84218638E-06
  5.196905E-06
  1.75499105E-06
  8.77525896E-10
  0.
  0.
  0.
  0.
  0.
  0.
  0.
  0.
  0.
  0.
  0.
  0.
  0.
  0.
  0.
  0.
  0.
  0.
  0.
  0.
  0.
  0.
  0.
  0.
  0.
  0.
  3.76813725E-10
  1.17311749E-05
  5.75851716E-05
  0.000163284934
  0.000596416011
  0.00213331739
  0.00527360006
  0.00912355223
  0.0121145915
  0.0135945844
  0.0139087187
  0.0135084916
  0.0126123185
  0.0111625053
  0.00853330166
  0.00453049776
  0.00114694122
  1.8361567E-05
  5.7252818E-06
  5.79153247E-06
  5.88554848E-06
  5.97868032E-06
  6.09684966E-06
  6.2032944E-06
  6.26136977E-06
  6.31625975E-06
  6.40421121E-06
  6.53151328E-06
  6.66359307E-06
  6.76610096E-06
  6.80990571E-06
  6.80709465E-06
  6.8449274E-06
  5.19896714E-06
  1.75583888E-06
  9.86663741E-10
  0.
  0.
  0.
  0.
  0.
  0.
  0.
  0.
  0.
  0.
  0.
  0.
  0.
  0.
  0.
  0.
  0.
  0.
  0.
  0.
  0.
  0.
  0.
  0.
  0.
  0.
  5.78918898E-08
  1.19170663E-05
  5.75854429E-05
  0.000167072288
  0.000635155037
  0.0022063877
  0.00530631489
  0.00915424026
  0.012310585
  0.0139689947
  0.0142996643
  0.013804794
  0.012813093
  0.011299061
  0.00862646585
  0.00458412158
  0.00116474
  1.99295356E-05
  5.73225207E-06
  5.79846374E-06
  5.89267725E-06
  5.98558355E-06
  6.10346866E-06
  6.20950502E-06
  6.26700488E-06
  6.32123838E-06
  6.40852107E-06
  6.53526823E-06
  6.6669939E-06
  6.76921231E-06
  6.81268855E-06
  6.80964861E-06
  6.85705204E-06
  5.22048706E-06
  1.76671673E-06
  1.22067069E-09
  0.
  0.
  0.
  0.
  0.
  0.
  0.
  0.
  0.
  0.
  0.
  0.
  0.
  0.
  0.
  0.
  0.
  0.
  0.
  0.
  0.
  0.
  0.
  0.
  0.
  0.
  8.18165637E-08
  1.19083583E-05
  5.72364274E-05
  0.000168648542
  0.000660949195
  0.00229441691
  0.00544155024
  0.00926542745
  0.012384545
  0.0140590044
  0.0144203603
  0.0139234346
  0.0129076288
  0.0113694763
  0.00867728925
  0.00461422373
  0.00117490006
  2.08626361E-05
  5.7412163E-06
  5.80554581E-06
  5.89844809E-06
  5.99046277E-06
  6.1077527E-06
  6.21331821E-06
  6.2703363E-06
  6.32409382E-06
  6.41093525E-06
  6.53733387E-06
  6.66884979E-06
  6.77090653E-06
  6.81420093E-06
  6.81104564E-06
  6.85883454E-06
  5.22239262E-06
  1.76759453E-06
  1.28739482E-09
  0.
  0.
  0.
  0.
  0.
  0.
  0.
  0.
  0.
  0.
  0.
  0.
  0.
  0.
  0.
  0.
  0.
  0.
  0.
  0.
  0.
  0.
  0.
  0.
  0.
  0.
  9.85612108E-08
  1.18467781E-05
  5.70216263E-05
  0.000171365539
  0.000630347781
  0.00202749587
  0.00468852113
  0.00813846495
  0.0113331588
  0.0133892079
  0.0140999332
  0.0137896736
  0.0128535335
  0.0113510767
  0.0086750833
  0.00461686488
  0.00117650255
  2.10684234E-05
  5.74589673E-06
  5.8096292E-06
  5.90200769E-06
  5.99388701E-06
  6.11102501E-06
  6.21638479E-06
  6.27309619E-06
  6.32649714E-06
  6.41298408E-06
  6.53909755E-06
  6.67043605E-06
  6.77233832E-06
  6.81542366E-06
  6.81208127E-06
  6.88598612E-06
  5.27604242E-06
  1.79466718E-06
  1.37705758E-09
  0.
  0.
  0.
  0.
  0.
  0.
  0.
  0.
  0.
  0.
  0.
  0.
  0.
  0.
  0.
  0.
  0.
  0.
  0.
  0.
  0.
  0.
  0.
  0.
  0.
  0.
  1.47117803E-07
  1.18559172E-05
  5.65893198E-05
  0.000172942109
  0.000640209687
  0.00200835032
  0.00454197466
  0.00783722734
  0.0110035524
  0.0131740466
  0.0140171908
  0.0137768866
  0.0128656865
  0.0113717347
  0.00869594768
  0.00463127449
  0.00118174107
  2.15880877E-05
  5.75103908E-06
  5.81454628E-06
  5.9068067E-06
  5.99839299E-06
  6.11518587E-06
  6.22027524E-06
  6.27662567E-06
  6.32962901E-06
  6.41570768E-06
  6.54146375E-06
  6.67253137E-06
  6.77632153E-06
  6.8203053E-06
  6.8134839E-06
  6.89140388E-06
  5.28795042E-06
  1.8009007E-06
  1.60363714E-09
  0.
  0.
  0.
  0.
  0.
  0.
  0.
  0.
  0.
  0.
  0.
  0.
  0.
  0.
  0.
  0.
  0.
  0.
  0.
  0.
  0.
  0.
  0.
  0.
  0.
  0.
  2.09181151E-07
  1.20041447E-05
  5.58252908E-05
  0.000170845785
  0.000778159882
  0.00278496207
  0.00639133312
  0.0103904261
  0.0133663561
  0.0148070635
  0.0149701818
  0.0143176731
  0.0131873318
  0.0115707147
  0.0088189621
  0.00469671943
  0.00120265419
  2.34746152E-05
  5.75689221E-06
  5.82081702E-06
  5.91375648E-06
  6.00511418E-06
  6.12157237E-06
  6.22623772E-06
  6.28516539E-06
  6.34369306E-06
  6.43251553E-06
  6.55697453E-06
  6.68239172E-06
  6.77972756E-06
  6.82190849E-06
  6.81520905E-06
  6.89300469E-06
  5.28947726E-06
  1.80174183E-06
  1.76675768E-09
  0.
  0.
  0.
  0.
  0.
  0.
  0.
  0.
  0.
  0.
  0.
  0.
  0.
  0.
  0.
  0.
  0.
  0.
  0.
  0.
  0.
  0.
  0.
  0.
  0.
  0.
  2.27221204E-07
  1.21512659E-05
  5.53673687E-05
  0.000167154424
  0.000911315532
  0.00358006031
  0.0083608619
  0.0132358963
  0.016145437
  0.0168099511
  0.0161201434
  0.0149147817
  0.0135096772
  0.0117566164
  0.00892847106
  0.00475302569
  0.00122035766
  2.50945278E-05
  5.76288337E-06
  5.82570346E-06
  5.91917143E-06
  6.01103E-06
  6.12714163E-06
  6.23140567E-06
  6.28986403E-06
  6.34788469E-06
  6.43618013E-06
  6.56018543E-06
  6.68525168E-06
  6.78220921E-06
  6.82395758E-06
  6.81685842E-06
  6.90860507E-06
  5.31936316E-06
  1.81698695E-06
  1.99335337E-09
  0.
  0.
  0.
  0.
  0.
  0.
  0.
  0.
  0.
  0.
  0.
  0.
  0.
  0.
  0.
  0.
  0.
  0.
  0.
  0.
  0.
  0.
  0.
  0.
  0.
  0.
  1.69132263E-07
  1.21077252E-05
  5.64031552E-05
  0.000157690715
  0.000744547848
  0.00301301896
  0.0073686779
  0.0120171561
  0.0149305197
  0.0158271312
  0.0154811317
  0.0145483527
  0.0133014313
  0.0116372252
  0.00885911361
  0.00471702744
  0.00120890224
  2.40606161E-05
  5.76425151E-06
  5.82729588E-06
  5.92082133E-06
  6.01256639E-06
  6.12849217E-06
  6.23260664E-06
  6.29096923E-06
  6.34892678E-06
  6.43716899E-06
  6.5611486E-06
  6.68621616E-06
  6.78316779E-06
  6.82490906E-06
  6.81775601E-06
  6.90929694E-06
  5.32003822E-06
  1.81771433E-06
  2.31653339E-09
  0.
  0.
  0.
  0.
  0.
  0.
  0.
  0.
  0.
  0.
  0.
  0.
  0.
  0.
  0.
  0.
  0.
  0.
  0.
  0.
  0.
  0.
  0.
  0.
  0.
  0.
  7.43068649E-08
  1.19043987E-05
  5.80413199E-05
  0.000155081788
  0.000449647098
  0.00156903207
  0.00409832598
  0.00740280077
  0.0102736832
  0.012235481
  0.0132388244
  0.0132883206
  0.0125933657
  0.0112276944
  0.00861998165
  0.00459433725
  0.00117055088
  2.07154634E-05
  5.76379787E-06
  5.82744423E-06
  5.91963492E-06
  6.01064188E-06
  6.12652631E-06
  6.2307006E-06
  6.28927549E-06
  6.34753513E-06
  6.43610544E-06
  6.56040641E-06
  6.68578246E-06
  6.78305811E-06
  6.82515081E-06
  6.81825067E-06
  6.90970089E-06
  5.32051028E-06
  1.81843721E-06
  2.68799357E-09
  0.
  0.
  0.
  0.
  0.
  0.
  0.
  0.
  0.
  0.
  0.
  0.
  0.
  0.
  0.
  0.
  0.
  0.
  0.
  0.
  0.
  0.
  0.
  0.
  0.
  0.
  4.72292875E-08
  1.1721013E-05
  5.86237595E-05
  0.000157636556
  0.000306028785
  0.000591549176
  0.00132657002
  0.00283654411
  0.0052313032
  0.00815173602
  0.0106011652
  0.0117741712
  0.0117322545
  0.0107235684
  0.00832360468
  0.00444246211
  0.00112384125
  1.69210632E-05
  5.76025063E-06
  5.8248413E-06
  5.91745519E-06
  6.00850762E-06
  6.12436767E-06
  6.22862298E-06
  6.28746026E-06
  6.34609021E-06
  6.43505182E-06
  6.55973188E-06
  6.68548123E-06
  6.78315214E-06
  6.82568214E-06
  6.81912378E-06
  6.89626231E-06
  5.29234912E-06
  1.80441289E-06
  2.89375495E-09
  0.
  0.
  0.
  0.
  0.
  0.
  0.
  0.
  0.
  0.
  0.
  0.
  0.
  0.
  0.
  0.
  0.
  0.
  0.
  0.
  0.
  0.
  0.
  0.
  0.
  0.
  8.46253375E-08
  1.15159585E-05
  5.81008561E-05
  0.000159088679
  0.000258966572
  0.00021742911
  7.23899402E-05
  0.000181913236
  0.00148000633
  0.00460426083
  0.00820420485
  0.0104180745
  0.0109758037
  0.0102893843
  0.00807529722
  0.0043189709
  0.00108709254
  1.4180024E-05
  5.76027225E-06
  5.82554199E-06
  5.91843684E-06
  6.00951447E-06
  6.1252482E-06
  6.22943544E-06
  6.28832611E-06
  6.34708053E-06
  6.43616166E-06
  6.56097698E-06
  6.68691443E-06
  6.784779E-06
  6.82751966E-06
  6.82111368E-06
  6.8300002E-06
  5.15508433E-06
  1.7333927E-06
  1.8659699E-09
  0.
  0.
  0.
  0.
  0.
  0.
  0.
  0.
  0.
  0.
  0.
  0.
  0.
  0.
  0.
  0.
  0.
  0.
  0.
  0.
  0.
  0.
  0.
  0.
  0.
  0.
  1.83421145E-07
  1.15203374E-05
  5.72034049E-05
  0.000154646149
  0.000224648966
  0.000157877767
  4.2340008E-05
  6.41009903E-07
  0.000868371814
  0.00379559822
  0.00764943135
  0.0101686151
  0.0108787324
  0.0102584183
  0.0080712471
  0.00432274727
  0.00108947448
  1.44435193E-05
  5.7681488E-06
  5.83345336E-06
  5.92617355E-06
  6.01742558E-06
  6.13319264E-06
  6.23698415E-06
  6.29537412E-06
  6.35359449E-06
  6.4420873E-06
  6.56638785E-06
  6.6919873E-06
  6.78949438E-06
  6.83176365E-06
  6.82637706E-06
  6.85340081E-06
  5.19315971E-06
  1.75116845E-06
  1.70195986E-09
  0.
  0.
  0.
  0.
  0.
  0.
  0.
  0.
  0.
  0.
  0.
  0.
  0.
  0.
  0.
  0.
  0.
  0.
  0.
  0.
  0.
  0.
  0.
  0.
  0.
  0.
  1.58083656E-07
  1.13287025E-05
  5.54138463E-05
  0.000144386853
  0.000221276959
  0.000181334763
  6.61403536E-05
  6.28209489E-05
  0.00114989627
  0.00435493022
  0.00828967105
  0.010725496
  0.0113241296
  0.0105974101
  0.00831630228
  0.00446656113
  0.0011366917
  1.82953604E-05
  5.78539351E-06
  5.80089138E-06
  5.83854479E-06
  5.96987081E-06
  6.13792485E-06
  6.24997172E-06
  6.30999406E-06
  6.36683352E-06
  6.45383923E-06
  6.57681124E-06
  6.70338803E-06
  6.80347386E-06
  6.8428885E-06
  6.83336044E-06
  6.86163445E-06
  5.1992666E-06
  1.75197215E-06
  1.26557613E-09
  0.
  0.
  0.
  0.
  0.
  0.
  0.
  0.
  0.
  0.
  0.
  0.
  0.
  0.
  0.
  0.
  0.
  0.
  0.
  0.
  0.
  0.
  0.
  0.
  0.
  0.
  4.04482594E-07
  1.16487687E-05
  5.21567583E-05
  0.000127697703
  0.000518441541
  0.00173367452
  0.00331302888
  0.00434240584
  0.00564097627
  0.00833159715
  0.0112568699
  0.0127140495
  0.0126176145
  0.0114403523
  0.00885193444
  0.00475573954
  0.00122933712
  2.64894327E-05
  5.81116056E-06
  5.83318717E-06
  5.86421135E-06
  5.94282291E-06
  6.05494886E-06
  6.2131391E-06
  6.32655106E-06
  6.38488073E-06
  6.46972533E-06
  6.59075655E-06
  6.71578767E-06
  6.81423453E-06
  6.851784E-06
  6.84196482E-06
  6.86973866E-06
  5.20277272E-06
  1.75141269E-06
  6.80629052E-10
  0.
  0.
  0.
  0.
  0.
  0.
  0.
  0.
  0.
  0.
  0.
  0.
  0.
  0.
  0.
  0.
  0.
  0.
  0.
  0.
  0.
  0.
  0.
  0.
  0.
  0.
  6.96098492E-07
  1.21594857E-05
  4.6632238E-05
  0.000149046769
  0.00156422928
  0.0060288414
  0.011720563
  0.0148745181
  0.0154443806
  0.0157408524
  0.016120721
  0.0156864857
  0.0144195424
  0.0125521697
  0.00953304988
  0.00511761432
  0.00134744554
  3.84295699E-05
  5.73285364E-06
  5.78507991E-06
  5.87000661E-06
  5.96683607E-06
  6.03267133E-06
  6.1370119E-06
  6.29711803E-06
  6.40318299E-06
  6.48611079E-06
  6.60503025E-06
  6.72838466E-06
  6.82689057E-06
  6.86527719E-06
  6.85251489E-06
  6.87704747E-06
  5.20827317E-06
  1.75286601E-06
  1.49975846E-10
  0.
  0.
  0.
  0.
  0.
  0.
  0.
  0.
  0.
  0.
  0.
  0.
  0.
  0.
  0.
  0.
  0.
  0.
  0.
  0.
  0.
  0.
  0.
  0.
  0.
  0.
  9.12626533E-07
  1.26302295E-05
  3.9502114E-05
  0.000279423498
  0.00318937912
  0.0111262033
  0.0205257971
  0.0259222697
  0.026360236
  0.0241923435
  0.0214572395
  0.018740955
  0.0161704633
  0.0135795711
  0.0101381015
  0.00543231779
  0.0014513496
  5.01340474E-05
  5.75101274E-06
  5.80243659E-06
  5.887813E-06
  5.98417754E-06
  6.04930182E-06
  6.15279013E-06
  6.31202748E-06
  6.41993797E-06
  6.50387707E-06
  6.61750079E-06
  6.73914901E-06
  6.78735604E-06
  6.76160328E-06
  6.81701234E-06
  6.90430365E-06
  5.18869231E-06
  1.72800456E-06
  0.
  0.
  0.
  0.
  0.
  0.
  0.
  0.
  0.
  0.
  0.
  0.
  0.
  0.
  0.
  0.
  0.
  0.
  0.
  0.
  0.
  0.
  0.
  0.
  0.
  0.
  0.
  9.6550393E-07
  1.25281104E-05
  3.77193281E-05
  0.000292055775
  0.00334962303
  0.0116052761
  0.021960722
  0.0290841428
  0.0305193842
  0.0277378782
  0.0236676623
  0.0199027248
  0.0167828904
  0.0139106618
  0.0103159511
  0.00551760193
  0.00147826999
  5.31869412E-05
  5.75336469E-06
  5.80439329E-06
  5.88983779E-06
  5.98637823E-06
  6.05166395E-06
  6.15522179E-06
  6.31436257E-06
  6.42199326E-06
  6.50559063E-06
  6.61890519E-06
  6.74026345E-06
  6.78838974E-06
  6.76265126E-06
  6.81778584E-06
  6.90497222E-06
  5.18935916E-06
  1.72827761E-06
  0.
  0.
  0.
  0.
  0.
  0.
  0.
  0.
  0.
  0.
  0.
  0.
  0.
  0.
  0.
  0.
  0.
  0.
  0.
  0.
  0.
  0.
  0.
  0.
  0.
  0.
  0.
  8.67977187E-07
  1.18525692E-05
  3.88218496E-05
  0.00017644868
  0.00264996724
  0.0100339695
  0.0194496264
  0.025447752
  0.0263967998
  0.0243126897
  0.0214355727
  0.0186301843
  0.0160578044
  0.013474689
  0.0100410626
  0.00536337181
  0.00142416277
  4.65892054E-05
  5.73873269E-06
  5.79048634E-06
  5.8762431E-06
  5.97346482E-06
  6.03966094E-06
  6.14418452E-06
  6.30408493E-06
  6.40940076E-06
  6.49131898E-06
  6.60928952E-06
  6.7317955E-06
  6.82973734E-06
  6.86765367E-06
  6.8543719E-06
  6.8789503E-06
  5.2098576E-06
  1.75325314E-06
  3.52158765E-11
  0.
  0.
  0.
  0.
  0.
  0.
  0.
  0.
  0.
  0.
  0.
  0.
  0.
  0.
  0.
  0.
  0.
  0.
  0.
  0.
  0.
  0.
  0.
  0.
  0.
  0.
  6.21947392E-07
  1.03598124E-05
  4.07223266E-05
  7.90276592E-05
  0.00116601753
  0.00527989164
  0.0112799037
  0.0153284042
  0.0166329445
  0.0169440385
  0.0167936558
  0.015922126
  0.0144778593
  0.0125261871
  0.00946366101
  0.0050532283
  0.00131998782
  3.50045119E-05
  5.8166593E-06
  5.83944424E-06
  5.87172258E-06
  5.95112928E-06
  6.06427195E-06
  6.22287746E-06
  6.33577407E-06
  6.3930527E-06
  6.47665686E-06
  6.59646189E-06
  6.7203906E-06
  6.81774006E-06
  6.85414898E-06
  6.84378466E-06
  6.87131709E-06
  5.20300824E-06
  1.75046891E-06
  1.63667909E-10
  0.
  0.
  0.
  0.
  0.
  0.
  0.
  0.
  0.
  0.
  0.
  0.
  0.
  0.
  0.
  0.
  0.
  0.
  0.
  0.
  0.
  0.
  0.
  0.
  0.
  0.
  2.669415E-07
  8.91952635E-06
  3.90990313E-05
  7.71830598E-05
  0.000322330825
  0.00154512655
  0.00382413909
  0.00630082652
  0.00900689047
  0.0118275138
  0.0136434346
  0.0139970725
  0.0132961955
  0.0117913453
  0.00900789569
  0.00480705721
  0.00123870503
  2.67982113E-05
  5.78942846E-06
  5.80687388E-06
  5.84654038E-06
  5.97924703E-06
  6.14855065E-06
  6.26115449E-06
  6.32080043E-06
  6.37661469E-06
  6.46224946E-06
  6.58376796E-06
  6.708897E-06
  6.80742237E-06
  6.84512205E-06
  6.83574707E-06
  6.92988452E-06
  5.33144841E-06
  1.81712846E-06
  7.81777181E-10
  0.
  0.
  0.
  0.
  0.
  0.
  0.
  0.
  0.
  0.
  0.
  0.
  0.
  0.
  0.
  0.
  0.
  0.
  0.
  0.
  0.
  0.
  0.
  0.
  0.
  0.
  0.
  7.69877349E-06
  3.64113944E-05
  7.80899194E-05
  8.01186343E-05
  8.26307188E-05
  0.00059344929
  0.00260350622
  0.00625029735
  0.0100110816
  0.012380359
  0.0131378511
  0.0127317764
  0.011417454
  0.00876000649
  0.00466584043
  0.00119103979
  2.21736556E-05
  5.75552838E-06
  5.82332351E-06
  5.91902062E-06
  6.01230633E-06
  6.12982324E-06
  6.23513124E-06
  6.29437867E-06
  6.35282559E-06
  6.44115412E-06
  6.5648608E-06
  6.68934778E-06
  6.78540928E-06
  6.8260458E-06
  6.81804071E-06
  6.86749204E-06
  5.23443417E-06
  1.77264217E-06
  1.04114917E-09
  0.
  0.
  0.
  0.
  0.
  0.
  0.
  0.
  0.
  0.
  0.
  0.
  0.
  0.
  0.
  0.
  0.
  0.
  0.
  0.
  0.
  0.
  0.
  0.
  0.
  0.
  0.
  6.60690423E-06
  3.26456413E-05
  6.90934503E-05
  6.68427356E-05
  2.38109609E-05
  0.000340565139
  0.00202859591
  0.00531834828
  0.00882572184
  0.0112669773
  0.0123258449
  0.0121828927
  0.0110390949
  0.00849967508
  0.0045147847
  0.00114036453
  1.760635E-05
  5.7169906E-06
  5.78505535E-06
  5.8810469E-06
  5.97572566E-06
  6.09431912E-06
  6.2011169E-06
  6.25993485E-06
  6.3153534E-06
  6.40023495E-06
  6.52432189E-06
  6.65918512E-06
  6.76346317E-06
  6.80550533E-06
  6.80122563E-06
  6.83808524E-06
  5.19372297E-06
  1.75427092E-06
  1.10121727E-09
  0.
  0.
  0.
  0.
  0.
  0.
  0.
  0.
  0.
  0.
  0.
  0.
  0.
  0.
  0.
  0.
  0.
  0.
  0.
  0.
  0.
  0.
  0.
  0.
  0.
  0.
  0.
  5.87253245E-06
  2.96576153E-05
  6.00003134E-05
  5.81088636E-05
  2.55460879E-05
  0.000224288699
  0.00140983012
  0.00400895607
  0.00725857549
  0.00996842814
  0.011418938
  0.0115665865
  0.0106135103
  0.00820879936
  0.00434802443
  0.00108580697
  1.32064667E-05
  5.76935376E-06
  5.83455708E-06
  5.93202055E-06
  6.04006881E-06
  6.10812777E-06
  6.16285404E-06
  6.27542753E-06
  6.43692667E-06
  6.5207062E-06
  6.53927822E-06
  6.62972306E-06
  6.74138318E-06
  6.78543791E-06
  6.78289866E-06
  6.81326862E-06
  5.165603E-06
  1.74196346E-06
  8.97291298E-10
  0.
  0.
  0.
  0.
  0.
  0.
  0.
  0.
  0.
  0.
  0.
  0.
  0.
  0.
  0.
  0.
  0.
  0.
  0.
  0.
  0.
  0.
  0.
  0.
  0.
  0.
  0.
  4.85521116E-06
  2.59638431E-05
  5.12773469E-05
  4.62470922E-05
  1.82772014E-05
  3.91768809E-05
  0.000693540938
  0.00287850319
  0.00624573146
  0.00926841172
  0.0109307043
  0.0112179861
  0.0103647635
  0.00803488308
  0.0042469823
  0.00105280429
  1.06957678E-05
  5.72991143E-06
  5.79505543E-06
  5.89185476E-06
  5.99983583E-06
  6.06941932E-06
  6.1263933E-06
  6.24158768E-06
  6.40592902E-06
  6.54946198E-06
  6.62444863E-06
  6.65436481E-06
  6.70808211E-06
  6.75703329E-06
  6.82490714E-06
  6.91646673E-06
  5.20531868E-06
  1.73260096E-06
  8.90063111E-10
  0.
  0.
  0.
  0.
  0.
  0.
  0.
  0.
  0.
  0.
  0.
  0.
  0.
  0.
  0.
  0.
  0.
  0.
  0.
  0.
  0.
  0.
  0.
  0.
  0.
  0.
  0.
  4.35387769E-06
  2.37416305E-05
  4.40999345E-05
  3.52169721E-05
  1.13573887E-05
  8.90694166E-07
  0.000682334211
  0.00307892933
  0.00656513486
  0.00943598784
  0.0109203672
  0.0111353177
  0.0102668
  0.00794772982
  0.00419039357
  0.00103347336
  9.33393248E-06
  5.80090749E-06
  5.82665676E-06
  5.87195742E-06
  5.96156269E-06
  6.02952456E-06
  6.14148265E-06
  6.30921925E-06
  6.42608459E-06
  6.52210538E-06
  6.59378289E-06
  6.62030363E-06
  6.68254228E-06
  6.7363657E-06
  6.79948799E-06
  6.88689447E-06
  5.18200031E-06
  1.72474755E-06
  8.49112423E-10
  0.
  0.
  0.
  0.
  0.
  0.
  0.
  0.
  0.
  0.
  0.
  0.
  0.
  0.
  0.
  0.
  0.
  0.
  0.
  0.
  0.
  0.
  0.
  0.
  0.
  0.
  4.57371619E-11
  4.62445743E-06
  2.32993839E-05
  3.91400276E-05
  2.68409006E-05
  6.379449E-06
  4.61661266E-08
  0.000732627166
  0.00316809954
  0.00650210023
  0.00914929784
  0.0105554308
  0.0107985428
  0.0099880178
  0.00774127275
  0.00407039349
  0.000995243343
  6.79720118E-06
  5.76117864E-06
  5.78762778E-06
  5.83421477E-06
  5.9776671E-06
  6.15637423E-06
  6.27288252E-06
  6.33290341E-06
  6.39214746E-06
  6.48418375E-06
  6.55530985E-06
  6.58220376E-06
  6.64939475E-06
  6.77145307E-06
  6.89890619E-06
  7.06277774E-06
  5.4390924E-06
  1.85707977E-06
  1.47248E-09
  0.
  0.
  0.
  0.
  0.
  0.
  0.
  0.
  0.
  0.
  0.
  0.
  0.
  0.
  0.
  0.
  0.
  0.
  0.
  0.
  0.
  0.
  0.
  0.
  0.
  0.
  7.80470608E-10
  5.21008829E-06
  2.33864642E-05
  3.49319712E-05
  2.04921178E-05
  3.74281146E-06
  7.54366258E-09
  0.000443695008
  0.00204098425
  0.00464926893
  0.00735299327
  0.00923074878
  0.00987313283
  0.00934900102
  0.0073243833
  0.00384966367
  0.000933932335
  5.89870771E-06
  5.72061586E-06
  5.79758061E-06
  5.90326528E-06
  6.0055219E-06
  6.12923351E-06
  6.23775688E-06
  6.297499E-06
  6.35984027E-06
  6.45524263E-06
  6.58979298E-06
  6.7348236E-06
  6.80011289E-06
  6.80409663E-06
  6.8662571E-06
  7.02304739E-06
  5.40743561E-06
  1.84647916E-06
  1.89864827E-09
  0.
  0.
  0.
  0.
  0.
  0.
  0.
  0.
  0.
  0.
  0.
  0.
  0.
  0.
  0.
  0.
  0.
  0.
  0.
  0.
  0.
  0.
  0.
  0.
  0.
  0.
  2.46639519E-09
  5.67082793E-06
  2.41138443E-05
  3.25774468E-05
  1.54148396E-05
  1.29135614E-06
  8.99595781E-09
  4.95564634E-06
  0.000115356532
  0.00136050729
  0.00437917585
  0.00739068564
  0.00881442467
  0.00873677884
  0.0069831727
  0.00368970869
  0.000893530704
  5.85753304E-06
  5.69003036E-06
  5.76718032E-06
  5.87307123E-06
  5.9760555E-06
  6.10057773E-06
  6.21027008E-06
  6.27181873E-06
  6.33627852E-06
  6.43394088E-06
  6.57043213E-06
  6.71185951E-06
  6.77549563E-06
  6.78566401E-06
  6.82039159E-06
  6.84377303E-06
  5.15654347E-06
  1.73624954E-06
  1.6629344E-09
  0.
  0.
  0.
  0.
  0.
  0.
  0.
  0.
  0.
  0.
  0.
  0.
  0.
  0.
  0.
  0.
  0.
  0.
  0.
  0.
  0.
  0.
  0.
  0.
  0.
  0.
  8.92393972E-08
  6.1595646E-06
  2.74495877E-05
  3.70891131E-05
  1.59002358E-05
  1.93159174E-07
  3.97238415E-09
  2.69412552E-09
  4.40506907E-07
  0.00110522429
  0.00419537467
  0.00739259917
  0.00895161149
  0.00894725939
  0.00719630865
  0.00383241666
  0.000936805241
  5.87374165E-06
  5.69185502E-06
  5.76733322E-06
  5.87232006E-06
  5.97474078E-06
  6.09916788E-06
  6.20870583E-06
  6.2664615E-06
  6.32724685E-06
  6.42811215E-06
  6.56726864E-06
  6.70748972E-06
  6.76812521E-06
  6.77499177E-06
  6.80805748E-06
  6.89213731E-06
  5.27227222E-06
  1.79762383E-06
  2.21593217E-09
  0.
  0.
  0.
  0.
  0.
  0.
  0.
  0.
  0.
  0.
  0.
  0.
  0.
  0.
  0.
  0.
  0.
  0.
  0.
  0.
  0.
  0.
  0.
  0.
  0.
  0.
  4.48348336E-07
  6.04924571E-06
  2.88665414E-05
  4.28193941E-05
  2.08341126E-05
  1.28075279E-06
  3.94304817E-10
  0.
  5.27516044E-07
  0.00131545306
  0.00495933668
  0.00864849562
  0.0103070834
  0.0101137799
  0.0080687985
  0.00434133516
  0.00109479368
  1.43212086E-05
  5.71318877E-06
  5.78822129E-06
  5.89351808E-06
  5.99556193E-06
  6.11862086E-06
  6.22646423E-06
  6.28568144E-06
  6.34748422E-06
  6.44226734E-06
  6.57566954E-06
  6.71354483E-06
  6.77116156E-06
  6.77451744E-06
  6.8719597E-06
  7.02119512E-06
  5.33197812E-06
  1.79223106E-06
  1.12094452E-09
  0.
  0.
  0.
  0.
  0.
  0.
  0.
  0.
  0.
  0.
  0.
  0.
  0.
  0.
  0.
  0.
  0.
  0.
  0.
  0.
  0.
  0.
  0.
  0.
  4.33982249E-11
  2.7623917E-09
  9.33526666E-06
  2.6218001E-05
  4.3978059E-05
  5.18899406E-05
  2.9848816E-05
  5.06750052E-06
  1.60194075E-08
  0.
  0.000610756242
  0.00349398669
  0.00831240912
  0.0118818785
  0.0127952046
  0.0118376112
  0.00916887195
  0.00492377679
  0.00127730256
  3.01466043E-05
  5.73106803E-06
  5.80273467E-06
  5.90677531E-06
  6.00807647E-06
  6.13035572E-06
  6.23714324E-06
  6.2950234E-06
  6.35538226E-06
  6.44862674E-06
  6.58042669E-06
  6.71654106E-06
  6.77205301E-06
  6.76877703E-06
  6.8569426E-06
  7.00247959E-06
  5.31676128E-06
  1.78565026E-06
  4.48908876E-10
  0.
  0.
  0.
  0.
  0.
  0.
  0.
  0.
  0.
  0.
  0.
  0.
  0.
  0.
  0.
  0.
  0.
  0.
  0.
  0.
  0.
  0.
  0.
  0.
  1.98631274E-10
  1.78939758E-07
  0.000116406756
  0.000723387046
  0.00122829749
  0.000762100072
  0.00015888946
  2.29455418E-05
  6.62277005E-06
  0.000762051777
  0.00402006442
  0.00950886555
  0.0139963787
  0.0154358034
  0.0145903288
  0.0126201686
  0.00945418616
  0.00498989997
  0.00128061797
  2.92352225E-05
  5.7065844E-06
  5.77724346E-06
  5.88024821E-06
  5.98125793E-06
  6.10409986E-06
  6.21185136E-06
  6.26812449E-06
  6.32757828E-06
  6.42696123E-06
  6.56423674E-06
  6.70187331E-06
  6.80942929E-06
  6.85351428E-06
  6.82818455E-06
  6.92414186E-06
  5.36171313E-06
  1.83982606E-06
  5.14303767E-10
  0.
  0.
  0.
  0.
  0.
  0.
  0.
  0.
  0.
  0.
  0.
  0.
  0.
  0.
  0.
  0.
  0.
  0.
  0.
  0.
  0.
  0.
  0.
  0.
  1.07816589E-08
  1.15350999E-06
  0.00231695408
  0.00881014267
  0.0128137592
  0.00868789631
  0.00260709097
  0.000253190824
  0.000811069039
  0.00492076081
  0.0119327724
  0.0167882765
  0.017517001
  0.0158941709
  0.0134889821
  0.0110756653
  0.00803346681
  0.004042781
  0.000955977028
  5.89001297E-06
  5.7171832E-06
  5.78564475E-06
  5.88275029E-06
  5.99178612E-06
  6.06903887E-06
  6.13117177E-06
  6.24827599E-06
  6.4211903E-06
  6.51418146E-06
  6.5400983E-06
  6.64328455E-06
  6.76983646E-06
  6.82555054E-06
  6.81096859E-06
  6.89132377E-06
  5.31483605E-06
  1.81962874E-06
  1.31885542E-09
  0.
  0.
  0.
  0.
  0.
  0.
  0.
  0.
  0.
  0.
  0.
  0.
  0.
  0.
  0.
  0.
  0.
  0.
  0.
  0.
  0.
  0.
  0.
  0.
  1.81312277E-07
  0.000367962791
  0.00768361432
  0.0247490275
  0.0354827859
  0.0275219998
  0.011381893
  0.00194987479
  0.00184993422
  0.00753337146
  0.0139137228
  0.0157893345
  0.0133124882
  0.00991080177
  0.00772109792
  0.00658076567
  0.00489254623
  0.00231515211
  0.00048292909
  5.73129888E-06
  5.68257576E-06
  5.75949518E-06
  5.86318656E-06
  5.9678495E-06
  6.09790141E-06
  6.21688517E-06
  6.29213567E-06
  6.36809839E-06
  6.47826599E-06
  6.57311738E-06
  6.62171391E-06
  6.7081984E-06
  6.78977206E-06
  6.79367968E-06
  6.85801737E-06
  5.26108099E-06
  1.79737921E-06
  4.01258926E-09
  0.
  0.
  0.
  0.
  0.
  0.
  0.
  0.
  0.
  0.
  0.
  0.
  0.
  0.
  0.
  0.
  0.
  0.
  0.
  0.
  0.
  0.
  0.
  0.
  1.23280399E-06
  0.00297000499
  0.0187950238
  0.0452011989
  0.061223957
  0.0547702227
  0.0320724076
  0.0108611696
  0.00345430123
  0.00614324595
  0.00813239254
  0.00547461084
  0.00317238545
  0.00278298781
  0.00297286776
  0.00332679244
  0.00267293825
  0.00114189078
  0.000177494884
  5.75477243E-06
  5.78544152E-06
  5.82307868E-06
  5.87941756E-06
  5.97733777E-06
  6.05538657E-06
  6.12956282E-06
  6.26077417E-06
  6.38826192E-06
  6.45142E-06
  6.56678584E-06
  6.69210441E-06
  6.74101927E-06
  6.78277738E-06
  6.80668339E-06
  6.82321668E-06
  5.15519729E-06
  1.73912664E-06
  4.2733981E-09
  0.
  0.
  0.
  0.
  0.
  0.
  0.
  0.
  0.
  0.
  0.
  0.
  0.
  0.
  0.
  0.
  0.
  0.
  0.
  0.
  0.
  0.
  0.
  0.
  9.99660586E-06
  0.0055097644
  0.0265808369
  0.0552478458
  0.0703621422
  0.06660782
  0.049261041
  0.0260037259
  0.00888015443
  0.00264294433
  0.00119960872
  0.000586476951
  0.000990361551
  0.00161609227
  0.00222923988
  0.00269655119
  0.00214484953
  0.000845633898
  0.000101495208
  5.71541109E-06
  5.70890495E-06
  5.77724234E-06
  5.88851272E-06
  6.00746802E-06
  6.08818817E-06
  6.15752083E-06
  6.23662532E-06
  6.31871154E-06
  6.43943532E-06
  6.54686924E-06
  6.61622026E-06
  6.73073847E-06
  6.85542572E-06
  6.92654279E-06
  6.95103034E-06
  5.22170846E-06
  1.7496443E-06
  2.99995993E-09
  0.
  0.
  0.
  0.
  0.
  0.
  0.
  0.
  0.
  0.
  0.
  0.
  0.
  0.
  0.
  0.
  0.
  0.
  0.
  0.
  0.
  0.
  0.
  0.
  8.92632472E-08
  0.00545528765
  0.0263172048
  0.0537783051
  0.0648237592
  0.058357073
  0.0479653949
  0.0345340204
  0.0173447015
  0.00519520173
  0.000977227006
  0.000459726869
  0.00120220306
  0.00208413066
  0.00283109736
  0.00322920165
  0.00251357819
  0.00102060637
  0.000141706013
  6.36945324E-06
  5.87093745E-06
  5.82071488E-06
  5.89530363E-06
  6.00682963E-06
  6.07331655E-06
  6.13996673E-06
  6.26095743E-06
  6.38000882E-06
  6.43323879E-06
  6.5427819E-06
  6.71827896E-06
  6.81863944E-06
  6.81204433E-06
  6.83431409E-06
  6.91137742E-06
  5.20895501E-06
  1.73941515E-06
  1.11962351E-09
  0.
  0.
  0.
  0.
  0.
  0.
  0.
  0.
  0.
  0.
  0.
  0.
  0.
  0.
  0.
  0.
  0.
  0.
  0.
  0.
  0.
  0.
  0.
  0.
  4.56740451E-08
  0.00233363063
  0.0162396725
  0.0398545747
  0.0493586389
  0.0390277558
  0.0302510848
  0.0301056487
  0.0257464231
  0.0136704623
  0.00398289564
  0.000970768971
  0.00160471205
  0.0032858819
  0.00469610021
  0.00532617974
  0.00436981354
  0.00210311704
  0.000439160169
  1.78070403E-05
  1.18736599E-05
  7.90019048E-06
  6.38122563E-06
  6.10955464E-06
  6.11944948E-06
  6.19238959E-06
  6.28378626E-06
  6.43356872E-06
  6.56631692E-06
  6.62732266E-06
  6.64411001E-06
  6.69217275E-06
  6.74407727E-06
  6.77638176E-06
  6.90191845E-06
  5.30701684E-06
  1.8043915E-06
  2.82670732E-11
  0.
  0.
  0.
  0.
  0.
  0.
  0.
  0.
  0.
  0.
  0.
  0.
  0.
  0.
  0.
  0.
  0.
  0.
  0.
  0.
  0.
  0.
  0.
  0.
  1.86351527E-09
  2.3569163E-05
  0.0057090221
  0.019502649
  0.0277421435
  0.021515006
  0.0139137059
  0.0185129471
  0.0274841907
  0.0269556944
  0.0178182351
  0.0115612624
  0.012351889
  0.0144984486
  0.015283764
  0.0149923763
  0.0127237747
  0.00792417179
  0.00284887241
  0.000399695119
  1.68550476E-05
  1.08052429E-05
  7.31470529E-06
  6.19325019E-06
  6.14091854E-06
  6.22416209E-06
  6.29857592E-06
  6.36958664E-06
  6.45711916E-06
  6.55706259E-06
  6.63042502E-06
  6.69928848E-06
  6.75252071E-06
  6.82060899E-06
  6.90996913E-06
  5.28246525E-06
  1.89954526E-06
  8.65758707E-08
  0.
  0.
  0.
  0.
  0.
  0.
  0.
  0.
  0.
  0.
  0.
  0.
  0.
  0.
  0.
  0.
  0.
  0.
  0.
  0.
  0.
  0.
  0.
  0.
  0.
  1.24085964E-06
  0.00193614954
  0.00665079935
  0.00890417999
  0.00570466497
  0.00363906463
  0.0116098339
  0.0272559704
  0.0387676622
  0.041135608
  0.0385576737
  0.0357575806
  0.0332787491
  0.0302059554
  0.0263250703
  0.0209664011
  0.0134721769
  0.00563473708
  0.00107469346
  1.1009028E-05
  7.17012637E-06
  6.06782534E-06
  6.01280196E-06
  6.09564042E-06
  6.19989106E-06
  6.29693282E-06
  6.3823159E-06
  6.48410856E-06
  6.54327421E-06
  6.58388844E-06
  6.67804569E-06
  6.74923885E-06
  6.82728634E-06
  6.99988089E-06
  5.40930144E-06
  1.89724842E-06
  4.26662792E-08
  0.
  0.
  0.
  0.
  0.
  0.
  0.
  0.
  0.
  0.
  0.
  0.
  0.
  0.
  0.
  0.
  0.
  0.
  0.
  0.
  0.
  0.
  0.
  0.
  0.
  1.55985216E-06
  9.47311555E-05
  0.000267916388
  0.000310426283
  0.000194035925
  0.000157631285
  0.001914144
  0.00520015451
  0.00946920577
  0.0170197603
  0.0240811979
  0.0263700829
  0.0257222016
  0.0235218616
  0.020195356
  0.0156766193
  0.00938560252
  0.0033177369
  0.000441173766
  6.28916027E-06
  5.81168151E-06
  5.87581061E-06
  6.00566884E-06
  6.14467055E-06
  6.21968531E-06
  6.28455809E-06
  6.39272276E-06
  6.46609081E-06
  6.50087107E-06
  6.57900396E-06
  6.71771887E-06
  6.79212583E-06
  6.81594906E-06
  6.88767659E-06
  5.24433374E-06
  1.82267452E-06
  4.36480548E-08
  0.
  0.
  0.
  0.
  0.
  0.
  0.
  0.
  0.
  0.
  0.
  0.
  0.
  0.
  0.
  0.
  0.
  0.
  0.
  0.
  0.
  0.
  0.
  0.
  0.
  1.24071744E-06
  0.001936134
  0.0066507501
  0.00890411825
  0.00570462575
  0.00363913861
  0.0116101697
  0.0272566855
  0.0387687939
  0.0411371965
  0.0385589007
  0.0357574163
  0.0332779552
  0.0302054685
  0.0263248365
  0.0209663016
  0.0134721383
  0.00563472489
  0.00107469147
  1.10090997E-05
  7.17018186E-06
  6.06786144E-06
  6.01281479E-06
  6.09564134E-06
  6.199891E-06
  6.2969325E-06
  6.38231548E-06
  6.48410865E-06
  6.5432746E-06
  6.5838887E-06
  6.6780456E-06
  6.74923855E-06
  6.82728626E-06
  6.99988047E-06
  5.40930035E-06
  1.89724783E-06
  4.26662782E-08
  0.
  0.
  0.
  0.
  0.
  0.
  0.
  0.
  0.
  0.
  0.
  0.
  0.
  0.
  0.
  0.
  0.
  0.
  0.
  0.
  0.
  0.
  0.
  0.
  1.8635268E-09
  2.35695558E-05
  0.00570900528
  0.0195025688
  0.027742005
  0.021514891
  0.0139137163
  0.0185132306
  0.0274848789
  0.0269562456
  0.0178177413
  0.0115594919
  0.0123494302
  0.0144964139
  0.0152826367
  0.0149918387
  0.0127235338
  0.0079240649
  0.00284883145
  0.000399686423
  1.6855015E-05
  1.08052218E-05
  7.31468996E-06
  6.19324009E-06
  6.14091464E-06
  6.22416167E-06
  6.29857611E-06
  6.36958688E-06
  6.45711916E-06
  6.55706273E-06
  6.63042523E-06
  6.69928847E-06
  6.75252068E-06
  6.82060882E-06
  6.90996882E-06
  5.28246481E-06
  1.89954467E-06
  8.65755697E-08
  0.
  0.
  0.
  0.
  0.
  0.
  0.
  0.
  0.
  0.
  0.
  0.
  0.
  0.
  0.
  0.
  0.
  0.
  0.
  0.
  0.
  0.
  0.
  0.
  4.56730967E-08
  0.00233364827
  0.0162397259
  0.0398546239
  0.0493586118
  0.0390276252
  0.0302509042
  0.0301059951
  0.0257474372
  0.0136708765
  0.00398224881
  0.000969816668
  0.00160391372
  0.00328545267
  0.00469597133
  0.00532613399
  0.00436978606
  0.00210310145
  0.000439155658
  1.78069364E-05
  1.18735853E-05
  7.90013697E-06
  6.38118952E-06
  6.10953901E-06
  6.11944702E-06
  6.19238939E-06
  6.28378617E-06
  6.43356916E-06
  6.56631743E-06
  6.62732287E-06
  6.64411068E-06
  6.6921737E-06
  6.74407768E-06
  6.77638169E-06
  6.90191873E-06
  5.30701778E-06
  1.80439205E-06
  2.82754476E-11
  0.
  0.
  0.
  0.
  0.
  0.
  0.
  0.
  0.
  0.
  0.
  0.
  0.
  0.
  0.
  0.
  0.
  0.
  0.
  0.
  0.
  0.
  0.
  0.
  8.9294939E-08
  0.00545533632
  0.0263173699
  0.0537785232
  0.0648239111
  0.0583572309
  0.0479657421
  0.0345344085
  0.0173448285
  0.005195158
  0.00097723467
  0.000459781619
  0.00120220815
  0.00208409023
  0.00283106718
  0.00322918658
  0.00251356983
  0.00102060251
  0.000141705084
  6.36938542E-06
  5.87088674E-06
  5.82069482E-06
  5.89530143E-06
  6.00682969E-06
  6.07331639E-06
  6.13996652E-06
  6.26095744E-06
  6.38000851E-06
  6.43323817E-06
  6.54278142E-06
  6.71827834E-06
  6.81863907E-06
  6.8120448E-06
  6.83431499E-06
  6.91137769E-06
  5.20895437E-06
  1.73941474E-06
  1.11964422E-09
  0.
  0.
  0.
  0.
  0.
  0.
  0.
  0.
  0.
  0.
  0.
  0.
  0.
  0.
  0.
  0.
  0.
  0.
  0.
  0.
  0.
  0.
  0.
  0.
  9.99794612E-06
  0.00550980469
  0.0265809792
  0.0552480663
  0.0703623467
  0.0666079087
  0.0492608893
  0.0260034134
  0.0088799989
  0.00264300651
  0.00119973924
  0.000586605459
  0.000990411773
  0.00161608314
  0.0022292354
  0.00269654955
  0.00214484929
  0.000845633994
  0.00010149525
  5.71541112E-06
  5.70890498E-06
  5.77724242E-06
  5.88851273E-06
  6.007468E-06
  6.08818824E-06
  6.15752092E-06
  6.23662507E-06
  6.31871107E-06
  6.43943523E-06
  6.54686961E-06
  6.6162207E-06
  6.73073836E-06
  6.85542536E-06
  6.92654261E-06
  6.95103022E-06
  5.22170849E-06
  1.74964438E-06
  2.99997306E-09
  0.
  0.
  0.
  0.
  0.
  0.
  0.
  0.
  0.
  0.
  0.
  0.
  0.
  0.
  0.
  0.
  0.
  0.
  0.
  0.
  0.
  0.
  0.
  0.
  1.23288257E-06
  0.00297001192
  0.0187950411
  0.0452012124
  0.0612239013
  0.0547700272
  0.0320721675
  0.0108610338
  0.00345424845
  0.00614321225
  0.00813236098
  0.00547456081
  0.0031723415
  0.00278297985
  0.00297287899
  0.00332680563
  0.00267294846
  0.00114189605
  0.000177496176
  5.75477256E-06
  5.78544193E-06
  5.8230791E-06
  5.87941761E-06
  5.97733745E-06
  6.0553863E-06
  6.12956276E-06
  6.26077445E-06
  6.38826253E-06
  6.45142042E-06
  6.56678574E-06
  6.69210392E-06
  6.741019E-06
  6.78277724E-06
  6.80668278E-06
  6.82321586E-06
  5.15519686E-06
  1.73912659E-06
  4.27340708E-09
  0.
  0.
  0.
  0.
  0.
  0.
  0.
  0.
  0.
  0.
  0.
  0.
  0.
  0.
  0.
  0.
  0.
  0.
  0.
  0.
  0.
  0.
  0.
  0.
  1.81343817E-07
  0.000367960457
  0.00768358733
  0.0247489281
  0.0354825753
  0.0275217427
  0.0113817322
  0.00194983454
  0.00184993638
  0.00753337503
  0.0139137237
  0.015789345
  0.0133125195
  0.00991084605
  0.0077211402
  0.00658079812
  0.00489256811
  0.00231516343
  0.000482932028
  5.73129963E-06
  5.68257536E-06
  5.75949462E-06
  5.86318658E-06
  5.9678501E-06
  6.09790213E-06
  6.21688577E-06
  6.29213587E-06
  6.36809837E-06
  6.47826606E-06
  6.57311722E-06
  6.62171394E-06
  6.70819872E-06
  6.78977225E-06
  6.79367975E-06
  6.85801792E-06
  5.26108208E-06
  1.79737974E-06
  4.01257664E-09
  0.
  0.
  0.
  0.
  0.
  0.
  0.
  0.
  0.
  0.
  0.
  0.
  0.
  0.
  0.
  0.
  0.
  0.
  0.
  0.
  0.
  0.
  0.
  0.
  1.07834485E-08
  1.15372465E-06
  0.00231693677
  0.00881006113
  0.0128136119
  0.00868776934
  0.00260704035
  0.000253183258
  0.000811056466
  0.0049207223
  0.0119327203
  0.0167882319
  0.0175169728
  0.0158941662
  0.0134889983
  0.0110756883
  0.00803348647
  0.00404279267
  0.000955980321
  5.89001396E-06
  5.71718335E-06
  5.7856451E-06
  5.88275019E-06
  5.99178558E-06
  6.06903832E-06
  6.13117125E-06
  6.24827576E-06
  6.42119027E-06
  6.51418126E-06
  6.54009839E-06
  6.64328502E-06
  6.76983687E-06
  6.82555084E-06
  6.81096876E-06
  6.891324E-06
  5.31483637E-06
  1.81962887E-06
  1.31884425E-09
  0.
  0.
  0.
  0.
  0.
  0.
  0.
  0.
  0.
  0.
  0.
  0.
  0.
  0.
  0.
  0.
  0.
  0.
  0.
  0.
  0.
  0.
  0.
  0.
  1.98633197E-10
  1.78947972E-07
  0.000116403562
  0.000723363704
  0.00122825487
  0.000762071938
  0.000158883479
  2.29450721E-05
  6.62257003E-06
  0.000762048022
  0.00402005058
  0.00950883986
  0.0139963459
  0.0154357735
  0.0145903097
  0.0126201595
  0.00945418297
  0.00498989952
  0.00128061813
  2.92352611E-05
  5.70658464E-06
  5.77724361E-06
  5.88024863E-06
  5.9812585E-06
  6.10410058E-06
  6.21185221E-06
  6.26812488E-06
  6.32757809E-06
  6.42696123E-06
  6.5642371E-06
  6.70187364E-06
  6.8094292E-06
  6.85351378E-06
  6.82818451E-06
  6.92414236E-06
  5.36171351E-06
  1.83982617E-06
  5.14308687E-10
  0.
  0.
  0.
  0.
  0.
  0.
  0.
  0.
  0.
  0.
  0.
  0.
  0.
  0.
  0.
  0.
  0.
  0.
  0.
  0.
  0.
  0.
  0.
  0.
  4.33982436E-11
  2.7621783E-09
  9.33490734E-06
  2.62171988E-05
  4.39775199E-05
  5.18898028E-05
  2.98487471E-05
  5.06747275E-06
  1.60188079E-08
  0.
  0.000610763083
  0.00349399994
  0.00831240903
  0.0118818592
  0.0127951794
  0.0118375895
  0.00916885637
  0.00492376786
  0.00127729955
  3.01462924E-05
  5.73106753E-06
  5.80273426E-06
  5.90677488E-06
  6.00807603E-06
  6.13035528E-06
  6.2371428E-06
  6.29502305E-06
  6.35538199E-06
  6.44862646E-06
  6.58042639E-06
  6.7165408E-06
  6.77205278E-06
  6.76877689E-06
  6.85694286E-06
  7.00247977E-06
  5.31676076E-06
  1.78564986E-06
  4.48918843E-10
  0.
  0.
  0.
  0.
  0.
  0.
  0.
  0.
  0.
  0.
  0.
  0.
  0.
  0.
  0.
  0.
  0.
  0.
  0.
  0.
  0.
  0.
  0.
  0.
  0.
  0.
  4.48344738E-07
  6.04924236E-06
  2.88665454E-05
  4.28193818E-05
  2.08340805E-05
  1.28073681E-06
  3.94323429E-10
  0.
  5.27500046E-07
  0.00131545605
  0.00495934377
  0.00864850011
  0.0103070821
  0.0101137759
  0.00806879416
  0.00434133198
  0.00109479251
  1.43211085E-05
  5.71318862E-06
  5.78822117E-06
  5.89351799E-06
  5.99556184E-06
  6.11862078E-06
  6.22646416E-06
  6.28568137E-06
  6.34748415E-06
  6.44226729E-06
  6.5756695E-06
  6.71354481E-06
  6.77116156E-06
  6.77451748E-06
  6.87195977E-06
  7.02119522E-06
  5.33197826E-06
  1.79223114E-06
  1.12095325E-09
  0.
  0.
  0.
  0.
  0.
  0.
  0.
  0.
  0.
  0.
  0.
  0.
  0.
  0.
  0.
  0.
  0.
  0.
  0.
  0.
  0.
  0.
  0.
  0.
  0.
  0.
  8.92374259E-08
  6.15955484E-06
  2.74495506E-05
  3.70890537E-05
  1.59001992E-05
  1.93152741E-07
  4.04560427E-09
  2.27305367E-09
  4.39267237E-07
  0.00110521726
  0.00419536053
  0.00739258942
  0.00895160917
  0.00894725854
  0.00719630762
  0.00383241574
  0.000936804916
  5.87374158E-06
  5.69185508E-06
  5.76733327E-06
  5.87232008E-06
  5.97474081E-06
  6.09916791E-06
  6.20870587E-06
  6.26646152E-06
  6.32724686E-06
  6.42811218E-06
  6.56726868E-06
  6.70748977E-06
  6.76812526E-06
  6.77499183E-06
  6.80805706E-06
  6.8921364E-06
  5.27227178E-06
  1.79762385E-06
  2.21594074E-09
  0.
  0.
  0.
  0.
  0.
  0.
  0.
  0.
  0.
  0.
  0.
  0.
  0.
  0.
  0.
  0.
  0.
  0.
  0.
  0.
  0.
  0.
  0.
  0.
  0.
  0.
  2.46633414E-09
  5.67082321E-06
  2.41138302E-05
  3.25774324E-05
  1.54148304E-05
  1.29134729E-06
  8.99142667E-09
  4.95599427E-06
  0.000115366946
  0.00136053258
  0.00437919887
  0.00739069718
  0.00881443059
  0.00873678229
  0.00698317467
  0.00368970961
  0.000893530928
  5.85753324E-06
  5.69003052E-06
  5.76718049E-06
  5.8730714E-06
  5.97605566E-06
  6.10057789E-06
  6.21027023E-06
  6.27181889E-06
  6.33627871E-06
  6.43394103E-06
  6.57043227E-06
  6.7118597E-06
  6.77549584E-06
  6.78566416E-06
  6.82039178E-06
  6.84377288E-06
  5.15654275E-06
  1.73624912E-06
  1.66293462E-09
  0.
  0.
  0.
  0.
  0.
  0.
  0.
  0.
  0.
  0.
  0.
  0.
  0.
  0.
  0.
  0.
  0.
  0.
  0.
  0.
  0.
  0.
  0.
  0.
  0.
  0.
  7.80460468E-10
  5.21008465E-06
  2.33864647E-05
  3.49320405E-05
  2.04922336E-05
  3.74285495E-06
  7.53669361E-09
  0.000443697532
  0.00204099139
  0.00464927692
  0.00735299858
  0.00923075181
  0.00987313462
  0.00934900228
  0.00732438422
  0.00384966419
  0.00093393248
  5.89870797E-06
  5.72061612E-06
  5.7975808E-06
  5.90326537E-06
  6.00552204E-06
  6.12923373E-06
  6.23775711E-06
  6.29749922E-06
  6.35984046E-06
  6.45524279E-06
  6.58979273E-06
  6.73482277E-06
  6.80011226E-06
  6.80409658E-06
  6.86625743E-06
  7.02304869E-06
  5.40743751E-06
  1.84648003E-06
  1.89865358E-09
  0.
  0.
  0.
  0.
  0.
  0.
  0.
  0.
  0.
  0.
  0.
  0.
  0.
  0.
  0.
  0.
  0.
  0.
  0.
  0.
  0.
  0.
  0.
  0.
  0.
  0.
  4.57351441E-11
  4.6244547E-06
  2.32993887E-05
  3.91401134E-05
  2.68410476E-05
  6.37951746E-06
  4.61700252E-08
  0.000732627629
  0.00316810112
  0.00650210271
  0.00914930021
  0.0105554322
  0.0107985434
  0.00998801805
  0.00774127297
  0.00407039366
  0.000995243403
  6.7972023E-06
  5.76117901E-06
  5.78762779E-06
  5.83421437E-06
  5.97766691E-06
  6.15637428E-06
  6.27288258E-06
  6.33290356E-06
  6.39214769E-06
  6.48418399E-06
  6.55531004E-06
  6.58220365E-06
  6.64939442E-06
  6.77145297E-06
  6.89890631E-06
  7.06277784E-06
  5.43909246E-06
  1.85707978E-06
  1.47247504E-09
  0.
  0.
  0.
  0.
  0.
  0.
  0.
  0.
  0.
  0.
  0.
  0.
  0.
  0.
  0.
  0.
  0.
  0.
  0.
  0.
  0.
  0.
  0.
  0.
  0.
  0.
  0.
  4.35388188E-06
  2.37416477E-05
  4.41000384E-05
  3.52169761E-05
  1.13571297E-05
  8.90526446E-07
  0.00068233478
  0.00307892959
  0.00656513302
  0.00943598517
  0.0109203651
  0.0111353161
  0.0102667987
  0.00794772896
  0.00419039316
  0.00103347325
  9.33392234E-06
  5.80090696E-06
  5.82665656E-06
  5.87195761E-06
  5.96156258E-06
  6.02952369E-06
  6.14148171E-06
  6.30921897E-06
  6.42608471E-06
  6.52210558E-06
  6.59378314E-06
  6.62030391E-06
  6.68254251E-06
  6.73636544E-06
  6.79948729E-06
  6.88689324E-06
  5.18199852E-06
  1.72474663E-06
  8.49109894E-10
  0.
  0.
  0.
  0.
  0.
  0.
  0.
  0.
  0.
  0.
  0.
  0.
  0.
  0.
  0.
  0.
  0.
  0.
  0.
  0.
  0.
  0.
  0.
  0.
  0.
  0.
  0.
  4.85522046E-06
  2.59638719E-05
  5.12774667E-05
  4.62470057E-05
  1.82767147E-05
  3.91791468E-05
  0.000693550738
  0.00287851821
  0.00624574399
  0.00926841897
  0.0109307081
  0.011217988
  0.0103647644
  0.00803488351
  0.00424698254
  0.00105280437
  1.06957723E-05
  5.72991167E-06
  5.79505566E-06
  5.891855E-06
  5.99983615E-06
  6.0694197E-06
  6.12639331E-06
  6.2415873E-06
  6.40592893E-06
  6.54946182E-06
  6.62444806E-06
  6.65436465E-06
  6.70808231E-06
  6.75703348E-06
  6.82490733E-06
  6.91646694E-06
  5.20531889E-06
  1.73260105E-06
  8.90062424E-10
  0.
  0.
  0.
  0.
  0.
  0.
  0.
  0.
  0.
  0.
  0.
  0.
  0.
  0.
  0.
  0.
  0.
  0.
  0.
  0.
  0.
  0.
  0.
  0.
  0.
  0.
  0.
  5.87253878E-06
  2.96576405E-05
  6.00004142E-05
  5.81088973E-05
  2.55459124E-05
  0.000224290663
  0.00140983875
  0.00400897129
  0.00725859122
  0.00996843954
  0.0114189448
  0.0115665902
  0.0106135124
  0.00820880059
  0.00434802512
  0.0010858072
  1.3206484E-05
  5.76935337E-06
  5.83455671E-06
  5.93202048E-06
  6.04006896E-06
  6.10812795E-06
  6.16285427E-06
  6.27542772E-06
  6.43692657E-06
  6.52070591E-06
  6.53927817E-06
  6.62972321E-06
  6.74138335E-06
  6.78543806E-06
  6.78289834E-06
  6.81326789E-06
  5.16560272E-06
  1.74196354E-06
  8.9729364E-10
  0.
  0.
  0.
  0.
  0.
  0.
  0.
  0.
  0.
  0.
  0.
  0.
  0.
  0.
  0.
  0.
  0.
  0.
  0.
  0.
  0.
  0.
  0.
  0.
  0.
  0.
  0.
  6.60691219E-06
  3.26456739E-05
  6.90935444E-05
  6.68428561E-05
  2.38110099E-05
  0.000340566762
  0.00202860372
  0.00531836429
  0.00882574074
  0.0112669924
  0.0123258546
  0.0121828984
  0.0110390984
  0.0084996773
  0.00451478598
  0.00114036496
  1.76063871E-05
  5.71699076E-06
  5.78505553E-06
  5.88104681E-06
  5.97572523E-06
  6.09431904E-06
  6.20111717E-06
  6.25993478E-06
  6.31535277E-06
  6.40023445E-06
  6.52432194E-06
  6.65918533E-06
  6.76346333E-06
  6.80550547E-06
  6.80122577E-06
  6.83808545E-06
  5.19372322E-06
  1.75427103E-06
  1.10122043E-09
  0.
  0.
  0.
  0.
  0.
  0.
  0.
  0.
  0.
  0.
  0.
  0.
  0.
  0.
  0.
  0.
  0.
  0.
  0.
  0.
  0.
  0.
  0.
  0.
  0.
  0.
  0.
  7.69878388E-06
  3.64114306E-05
  7.80899916E-05
  8.01186786E-05
  8.26342931E-05
  0.000593460885
  0.00260352134
  0.00625030999
  0.0100110923
  0.0123803678
  0.0131378569
  0.0127317798
  0.0114174559
  0.00876000769
  0.00466584116
  0.00119104006
  2.21736809E-05
  5.75552864E-06
  5.82332361E-06
  5.91902059E-06
  6.01230643E-06
  6.12982344E-06
  6.23513143E-06
  6.29437889E-06
  6.35282587E-06
  6.44115442E-06
  6.56486104E-06
  6.68934795E-06
  6.78540942E-06
  6.82604593E-06
  6.81804082E-06
  6.86749233E-06
  5.23443463E-06
  1.77264239E-06
  1.04115251E-09
  0.
  0.
  0.
  0.
  0.
  0.
  0.
  0.
  0.
  0.
  0.
  0.
  0.
  0.
  0.
  0.
  0.
  0.
  0.
  0.
  0.
  0.
  0.
  0.
  0.
  0.
  2.66943922E-07
  8.91953672E-06
  3.90990504E-05
  7.71830285E-05
  0.000322334921
  0.00154514662
  0.00382418115
  0.00630087748
  0.00900693174
  0.0118275398
  0.0136434498
  0.0139970816
  0.013296201
  0.0117913487
  0.00900789778
  0.00480705837
  0.00123870542
  2.67982495E-05
  5.78942869E-06
  5.80687392E-06
  5.84654006E-06
  5.97924684E-06
  6.14855066E-06
  6.26115457E-06
  6.32080055E-06
  6.3766148E-06
  6.46224956E-06
  6.58376804E-06
  6.70889709E-06
  6.80742248E-06
  6.84512215E-06
  6.83574716E-06
  6.92988476E-06
  5.33144874E-06
  1.81712861E-06
  7.81778553E-10
  0.
  0.
  0.
  0.
  0.
  0.
  0.
  0.
  0.
  0.
  0.
  0.
  0.
  0.
  0.
  0.
  0.
  0.
  0.
  0.
  0.
  0.
  0.
  0.
  0.
  0.
  6.21949873E-07
  1.0359826E-05
  4.07223429E-05
  7.90279808E-05
  0.00116602552
  0.0052799223
  0.0112799619
  0.0153284751
  0.016633007
  0.0169440818
  0.0167936819
  0.0159221411
  0.0144778682
  0.0125261925
  0.00946366438
  0.00505323017
  0.00131998846
  3.50045804E-05
  5.81665881E-06
  5.83944399E-06
  5.87172268E-06
  5.9511291E-06
  6.06427131E-06
  6.22287703E-06
  6.33577408E-06
  6.3930528E-06
  6.47665695E-06
  6.59646196E-06
  6.72039066E-06
  6.81774011E-06
  6.85414904E-06
  6.84378471E-06
  6.87131668E-06
  5.20300737E-06
  1.75046847E-06
  1.63665944E-10
  0.
  0.
  0.
  0.
  0.
  0.
  0.
  0.
  0.
  0.
  0.
  0.
  0.
  0.
  0.
  0.
  0.
  0.
  0.
  0.
  0.
  0.
  0.
  0.
  0.
  0.
  8.67977988E-07
  1.18525765E-05
  3.88218368E-05
  0.000176449467
  0.00264997235
  0.0100339827
  0.0194496519
  0.0254477937
  0.0263968494
  0.0243127301
  0.0214355978
  0.0186301982
  0.0160578122
  0.0134746936
  0.0100410655
  0.0053633734
  0.00142416333
  4.65892723E-05
  5.7387327E-06
  5.79048633E-06
  5.87624315E-06
  5.97346495E-06
  6.03966083E-06
  6.14418411E-06
  6.30408476E-06
  6.40940088E-06
  6.4913191E-06
  6.6092896E-06
  6.73179556E-06
  6.82973738E-06
  6.86765369E-06
  6.85437197E-06
  6.87895045E-06
  5.20985769E-06
  1.75325315E-06
  3.52189676E-11
  0.
  0.
  0.
  0.
  0.
  0.
  0.
  0.
  0.
  0.
  0.
  0.
  0.
  0.
  0.
  0.
  0.
  0.
  0.
  0.
  0.
  0.
  0.
  0.
  0.
  0.
  9.65503686E-07
  1.25281099E-05
  3.77193551E-05
  0.000292054941
  0.00334961367
  0.0116052505
  0.0219606867
  0.0290841086
  0.0305193563
  0.0277378595
  0.0236676517
  0.0199027188
  0.0167828867
  0.0139106595
  0.0103159498
  0.00551760132
  0.00147826982
  5.31869223E-05
  5.75336466E-06
  5.80439327E-06
  5.88983778E-06
  5.98637821E-06
  6.05166394E-06
  6.15522178E-06
  6.31436255E-06
  6.42199324E-06
  6.50559061E-06
  6.61890518E-06
  6.74026346E-06
  6.78838942E-06
  6.76265053E-06
  6.81778552E-06
  6.90497225E-06
  5.18935895E-06
  1.72827744E-06
  0.
  0.
  0.
  0.
  0.
  0.
  0.
  0.
  0.
  0.
  0.
  0.
  0.
  0.
  0.
  0.
  0.
  0.
  0.
  0.
  0.
  0.
  0.
  0.
  0.
  0.
  0.
  9.12625606E-07
  1.26302254E-05
  3.95021324E-05
  0.000279422574
  0.00318936872
  0.0111261738
  0.0205257503
  0.0259222122
  0.0263601783
  0.0241922988
  0.0214572114
  0.0187409388
  0.0161704539
  0.0135795654
  0.0101380981
  0.00543231607
  0.00145134904
  5.01339821E-05
  5.7510126E-06
  5.80243646E-06
  5.88781289E-06
  5.98417745E-06
  6.04930173E-06
  6.15279002E-06
  6.31202738E-06
  6.41993788E-06
  6.50387699E-06
  6.61750073E-06
  6.73914896E-06
  6.78735602E-06
  6.76160331E-06
  6.81701229E-06
  6.90430351E-06
  5.18869225E-06
  1.72800456E-06
  0.
  0.
  0.
  0.
  0.
  0.
  0.
  0.
  0.
  0.
  0.
  0.
  0.
  0.
  0.
  0.
  0.
  0.
  0.
  0.
  0.
  0.
  0.
  0.
  0.
  0.
  0.
  6.96096576E-07
  1.21594854E-05
  4.66322944E-05
  0.00014904651
  0.00156422116
  0.00602881108
  0.0117205069
  0.0148744501
  0.0154443219
  0.0157408139
  0.0161206982
  0.0156864718
  0.0144195339
  0.0125521645
  0.00953304672
  0.00511761268
  0.00134744502
  3.84295145E-05
  5.73285422E-06
  5.78508027E-06
  5.8700066E-06
  5.96683595E-06
  6.0326715E-06
  6.13701245E-06
  6.29711828E-06
  6.4031829E-06
  6.4861107E-06
  6.60503018E-06
  6.72838459E-06
  6.82689084E-06
  6.86527788E-06
  6.85251518E-06
  6.8770474E-06
  5.20827335E-06
  1.75286617E-06
  1.49976612E-10
  0.
  0.
  0.
  0.
  0.
  0.
  0.
  0.
  0.
  0.
  0.
  0.
  0.
  0.
  0.
  0.
  0.
  0.
  0.
  0.
  0.
  0.
  0.
  0.
  0.
  0.
  4.04481695E-07
  1.16487637E-05
  5.21567648E-05
  0.000127697804
  0.000518438605
  0.00173365938
  0.00331299682
  0.00434237139
  0.00564095971
  0.00833159686
  0.0112568711
  0.0127140476
  0.0126176118
  0.0114403498
  0.00885193258
  0.00475573841
  0.00122933674
  2.64893963E-05
  5.81116051E-06
  5.83318708E-06
  5.86421126E-06
  5.94282311E-06
  6.05494945E-06
  6.21313941E-06
  6.326551E-06
  6.38488063E-06
  6.46972524E-06
  6.59075648E-06
  6.7157876E-06
  6.81423445E-06
  6.85178389E-06
  6.84196474E-06
  6.86973859E-06
  5.20277266E-06
  1.75141266E-06
  6.80628887E-10
  0.
  0.
  0.
  0.
  0.
  0.
  0.
  0.
  0.
  0.
  0.
  0.
  0.
  0.
  0.
  0.
  0.
  0.
  0.
  0.
  0.
  0.
  0.
  0.
  0.
  0.
  1.58084539E-07
  1.13287081E-05
  5.54138579E-05
  0.000144386904
  0.000221277002
  0.000181334314
  6.61394993E-05
  6.28289121E-05
  0.00114992913
  0.00435498008
  0.00828971013
  0.010725517
  0.0113241418
  0.0105974178
  0.00831630673
  0.00446656319
  0.00113669226
  1.82954023E-05
  5.78539346E-06
  5.8008915E-06
  5.83854515E-06
  5.96987104E-06
  6.13792491E-06
  6.24997173E-06
  6.30999402E-06
  6.36683347E-06
  6.45383918E-06
  6.5768112E-06
  6.70338798E-06
  6.80347381E-06
  6.84288846E-06
  6.83336041E-06
  6.8616344E-06
  5.19926655E-06
  1.75197213E-06
  1.2655715E-09
  0.
  0.
  0.
  0.
  0.
  0.
  0.
  0.
  0.
  0.
  0.
  0.
  0.
  0.
  0.
  0.
  0.
  0.
  0.
  0.
  0.
  0.
  0.
  0.
  0.
  0.
  1.8342549E-07
  1.15203596E-05
  5.72034703E-05
  0.000154646138
  0.000224648615
  0.000157877391
  4.23400433E-05
  6.41164404E-07
  0.000868393236
  0.00379565348
  0.00764948339
  0.0101686415
  0.0108787439
  0.0102584229
  0.00807124922
  0.00432274838
  0.00108947486
  1.4443551E-05
  5.76814889E-06
  5.8334536E-06
  5.92617397E-06
  6.01742589E-06
  6.13319277E-06
  6.23698422E-06
  6.29537418E-06
  6.35359454E-06
  6.44208734E-06
  6.56638788E-06
  6.69198731E-06
  6.78949436E-06
  6.83176364E-06
  6.82637706E-06
  6.85340075E-06
  5.1931596E-06
  1.75116839E-06
  1.70195129E-09
  0.
  0.
  0.
  0.
  0.
  0.
  0.
  0.
  0.
  0.
  0.
  0.
  0.
  0.
  0.
  0.
  0.
  0.
  0.
  0.
  0.
  0.
  0.
  0.
  0.
  0.
  8.46213437E-08
  1.15159444E-05
  5.81008304E-05
  0.000159088819
  0.00025896758
  0.000217430782
  7.23912179E-05
  0.000181886558
  0.0014799153
  0.00460413904
  0.00820411539
  0.0104180277
  0.0109757806
  0.0102893721
  0.00807529062
  0.00431896775
  0.00108709163
  1.4179958E-05
  5.76027205E-06
  5.8255418E-06
  5.91843664E-06
  6.00951427E-06
  6.12524801E-06
  6.22943528E-06
  6.28832596E-06
  6.3470804E-06
  6.43616154E-06
  6.56097688E-06
  6.68691434E-06
  6.78477892E-06
  6.8275196E-06
  6.82111361E-06
  6.83000006E-06
  5.15508415E-06
  1.73339262E-06
  1.86597108E-09
  0.
  0.
  0.
  0.
  0.
  0.
  0.
  0.
  0.
  0.
  0.
  0.
  0.
  0.
  0.
  0.
  0.
  0.
  0.
  0.
  0.
  0.
  0.
  0.
  0.
  0.
  4.72464541E-08
  1.17210489E-05
  5.86237853E-05
  0.000157636612
  0.000306029034
  0.000591551061
  0.00132657675
  0.00283655497
  0.00523131106
  0.00815173761
  0.0106011645
  0.0117741709
  0.0117322543
  0.0107235683
  0.00832360454
  0.00444246202
  0.00112384121
  1.69210605E-05
  5.76025057E-06
  5.82484124E-06
  5.91745513E-06
  6.00850756E-06
  6.12436761E-06
  6.22862292E-06
  6.28746021E-06
  6.34609017E-06
  6.43505178E-06
  6.55973184E-06
  6.6854812E-06
  6.78315211E-06
  6.82568212E-06
  6.81912375E-06
  6.89626286E-06
  5.29235025E-06
  1.80441345E-06
  2.89374986E-09
  0.
  0.
  0.
  0.
  0.
  0.
  0.
  0.
  0.
  0.
  0.
  0.
  0.
  0.
  0.
  0.
  0.
  0.
  0.
  0.
  0.
  0.
  0.
  0.
  0.
  0.
  7.430824E-08
  1.19044027E-05
  5.80413263E-05
  0.000155081792
  0.000449648117
  0.00156903922
  0.00409834731
  0.00740283655
  0.0102737213
  0.0122355091
  0.0132388404
  0.0132883288
  0.01259337
  0.0112276967
  0.00861998294
  0.00459433789
  0.00117055108
  2.07154801E-05
  5.76379784E-06
  5.8274442E-06
  5.91963489E-06
  6.01064186E-06
  6.12652629E-06
  6.23070058E-06
  6.28927547E-06
  6.34753511E-06
  6.43610543E-06
  6.56040639E-06
  6.68578244E-06
  6.78305809E-06
  6.82515079E-06
  6.81825066E-06
  6.90970088E-06
  5.32051027E-06
  1.81843719E-06
  2.68798225E-09
  0.
  0.
  0.
  0.
  0.
  0.
  0.
  0.
  0.
  0.
  0.
  0.
  0.
  0.
  0.
  0.
  0.
  0.
  0.
  0.
  0.
  0.
  0.
  0.
  0.
  0.
  1.69132033E-07
  1.21077263E-05
  5.64031629E-05
  0.000157690792
  0.00074454858
  0.00301302106
  0.00736868176
  0.0120171627
  0.0149305286
  0.0158271391
  0.0154811364
  0.0145483549
  0.0133014323
  0.0116372257
  0.00885911387
  0.00471702757
  0.00120890228
  2.40606198E-05
  5.76425146E-06
  5.82729583E-06
  5.92082129E-06
  6.01256635E-06
  6.12849213E-06
  6.23260661E-06
  6.29096919E-06
  6.34892675E-06
  6.43716896E-06
  6.56114858E-06
  6.68621614E-06
  6.78316777E-06
  6.82490905E-06
  6.81775599E-06
  6.90929693E-06
  5.3200382E-06
  1.8177143E-06
  2.3165223E-09
  0.
  0.
  0.
  0.
  0.
  0.
  0.
  0.
  0.
  0.
  0.
  0.
  0.
  0.
  0.
  0.
  0.
  0.
  0.
  0.
  0.
  0.
  0.
  0.
  0.
  0.
  2.27221555E-07
  1.21512643E-05
  5.53673551E-05
  0.000167154477
  0.000911317253
  0.00358006618
  0.00836086997
  0.0132359015
  0.0161454384
  0.0168099511
  0.0161201431
  0.0149147813
  0.0135096768
  0.011756616
  0.0089284708
  0.00475302554
  0.00122035761
  2.50945234E-05
  5.76288333E-06
  5.82570342E-06
  5.91917139E-06
  6.01102995E-06
  6.12714158E-06
  6.23140563E-06
  6.28986399E-06
  6.34788466E-06
  6.4361801E-06
  6.56018541E-06
  6.68525166E-06
  6.78220919E-06
  6.82395755E-06
  6.8168584E-06
  6.90860499E-06
  5.31936301E-06
  1.81698686E-06
  1.99334177E-09
  0.
  0.
  0.
  0.
  0.
  0.
  0.
  0.
  0.
  0.
  0.
  0.
  0.
  0.
  0.
  0.
  0.
  0.
  0.
  0.
  0.
  0.
  0.
  0.
  0.
  0.
  2.0918087E-07
  1.20041467E-05
  5.58253145E-05
  0.00017084587
  0.000778158568
  0.00278495443
  0.00639131595
  0.0103904048
  0.0133663391
  0.0148070536
  0.014970177
  0.0143176708
  0.0131873306
  0.011570714
  0.00881896169
  0.00469671922
  0.00120265412
  2.34746098E-05
  5.75689217E-06
  5.82081698E-06
  5.91375644E-06
  6.00511414E-06
  6.12157233E-06
  6.22623768E-06
  6.28516534E-06
  6.34369299E-06
  6.43251547E-06
  6.55697448E-06
  6.68239168E-06
  6.77972754E-06
  6.82190847E-06
  6.81520903E-06
  6.89300465E-06
  5.28947717E-06
  1.80174177E-06
  1.76674711E-09
  0.
  0.
  0.
  0.
  0.
  0.
  0.
  0.
  0.
  0.
  0.
  0.
  0.
  0.
  0.
  0.
  0.
  0.
  0.
  0.
  0.
  0.
  0.
  0.
  0.
  0.
  1.4711777E-07
  1.18559159E-05
  5.65893147E-05
  0.00017294211
  0.000640209895
  0.00200835197
  0.00454198069
  0.00783723912
  0.0110035661
  0.0131740573
  0.0140171971
  0.0137768897
  0.0128656881
  0.0113717354
  0.00869594806
  0.00463127467
  0.00118174112
  2.15880921E-05
  5.75103905E-06
  5.81454625E-06
  5.90680668E-06
  5.99839296E-06
  6.11518584E-06
  6.22027521E-06
  6.27662564E-06
  6.32962895E-06
  6.4157076E-06
  6.54146368E-06
  6.67253132E-06
  6.7763215E-06
  6.82030529E-06
  6.8134839E-06
  6.89140387E-06
  5.2879504E-06
  1.80090067E-06
  1.60362639E-09
  0.
  0.
  0.
  0.
  0.
  0.
  0.
  0.
  0.
  0.
  0.
  0.
  0.
  0.
  0.
  0.
  0.
  0.
  0.
  0.
  0.
  0.
  0.
  0.
  0.
  0.
  9.85617166E-08
  1.18467837E-05
  5.70216408E-05
  0.000171365569
  0.000630348385
  0.00202749902
  0.00468852923
  0.00813847762
  0.0113331719
  0.0133892177
  0.0140999389
  0.0137896766
  0.0128535352
  0.0113510776
  0.0086750838
  0.00461686514
  0.00117650262
  2.10684303E-05
  5.74589672E-06
  5.80962919E-06
  5.90200768E-06
  5.993887E-06
  6.111025E-06
  6.21638478E-06
  6.27309619E-06
  6.32649714E-06
  6.41298408E-06
  6.53909755E-06
  6.67043604E-06
  6.77233831E-06
  6.81542364E-06
  6.81208126E-06
  6.88598597E-06
  5.2760421E-06
  1.794667E-06
  1.37705056E-09
  0.
  0.
  0.
  0.
  0.
  0.
  0.
  0.
  0.
  0.
  0.
  0.
  0.
  0.
  0.
  0.
  0.
  0.
  0.
  0.
  0.
  0.
  0.
  0.
  0.
  0.
  8.18151897E-08
  1.19083544E-05
  5.72364222E-05
  0.000168648505
  0.00066094959
  0.00229441973
  0.00544155688
  0.0092654356
  0.0123845511
  0.0140590074
  0.0144203616
  0.0139234351
  0.012907629
  0.0113694765
  0.00867728927
  0.00461422372
  0.00117490005
  2.08626351E-05
  5.74121627E-06
  5.80554578E-06
  5.89844806E-06
  5.99046275E-06
  6.10775268E-06
  6.21331819E-06
  6.27033629E-06
  6.32409381E-06
  6.41093524E-06
  6.53733387E-06
  6.66884979E-06
  6.77090653E-06
  6.81420093E-06
  6.81104563E-06
  6.85883446E-06
  5.22239246E-06
  1.76759445E-06
  1.2873915E-09
  0.
  0.
  0.
  0.
  0.
  0.
  0.
  0.
  0.
  0.
  0.
  0.
  0.
  0.
  0.
  0.
  0.
  0.
  0.
  0.
  0.
  0.
  0.
  0.
  0.
  0.
  5.78919253E-08
  1.19170648E-05
  5.75854442E-05
  0.000167072328
  0.000635154541
  0.002206384
  0.00530630547
  0.00915422701
  0.0123105725
  0.0139689859
  0.0142996593
  0.0138047913
  0.0128130915
  0.01129906
  0.00862646527
  0.00458412127
  0.0011647399
  1.99295272E-05
  5.732252E-06
  5.79846369E-06
  5.8926772E-06
  5.98558351E-06
  6.10346863E-06
  6.20950499E-06
  6.26700485E-06
  6.32123836E-06
  6.40852106E-06
  6.53526821E-06
  6.66699389E-06
  6.7692123E-06
  6.81268854E-06
  6.8096486E-06
  6.857052E-06
  5.22048699E-06
  1.76671669E-06
  1.22066746E-09
  0.
  0.
  0.
  0.
  0.
  0.
  0.
  0.
  0.
  0.
  0.
  0.
  0.
  0.
  0.
  0.
  0.
  0.
  0.
  0.
  0.
  0.
  0.
  0.
  0.
  0.
  3.7667802E-10
  1.17311766E-05
  5.75851821E-05
  0.000163284913
  0.00059641566
  0.00213331665
  0.00527359966
  0.0091235529
  0.0121145922
  0.0135945834
  0.0139087166
  0.0135084898
  0.0126123174
  0.0111625045
  0.00853330117
  0.00453049748
  0.00114694113
  1.83615594E-05
  5.72528176E-06
  5.79153243E-06
  5.88554844E-06
  5.97868028E-06
  6.09684963E-06
  6.20329437E-06
  6.26136975E-06
  6.31625974E-06
  6.40421118E-06
  6.53151323E-06
  6.66359304E-06
  6.76610094E-06
  6.80990569E-06
  6.80709463E-06
  6.84492734E-06
  5.19896702E-06
  1.75583882E-06
  9.8665958E-10
  0.
  0.
  0.
  0.
  0.
  0.
  0.
  0.
  0.
  0.
  0.
  0.
  0.
  0.
  0.
  0.
  0.
  0.
  0.
  0.
  0.
  0.
  0.
  0.
  0.
  0.
  0.
  1.18756559E-05
  5.89415156E-05
  0.000164697197
  0.000513848114
  0.00168513156
  0.00411937863
  0.00717992065
  0.00974337992
  0.0114435298
  0.0123893851
  0.0125749228
  0.01204809
  0.0108107985
  0.00831188025
  0.0044104937
  0.00110890195
  1.52827625E-05
  5.71403782E-06
  5.78126826E-06
  5.87652414E-06
  5.97080907E-06
  6.08838047E-06
  6.19443594E-06
  6.30348611E-06
  6.41007181E-06
  6.44562449E-06
  6.52001713E-06
  6.65623198E-06
  6.76222708E-06
  6.80634837E-06
  6.80406563E-06
  6.84218636E-06
  5.19690499E-06
  1.75499104E-06
  8.77523086E-10
  0.
  0.
  0.
  0.
  0.
  0.
  0.
  0.
  0.
  0.
  0.
  0.
  0.
  0.
  0.
  0.
  0.
  0.
  0.
  0.
  0.
  0.
  0.
  0.
  0.
  0.
  7.07459339E-11
  1.20548775E-05
  6.05763435E-05
  0.000171244305
  0.000445179846
  0.00110786672
  0.00231888223
  0.00398169036
  0.00598885342
  0.00826041446
  0.0102619643
  0.0113103323
  0.0112956396
  0.0103471557
  0.00802483901
  0.00425786513
  0.00106162357
  1.18209958E-05
  5.79827934E-06
  5.86295727E-06
  5.95942529E-06
  6.06525848E-06
  6.13135772E-06
  6.1843612E-06
  6.29539668E-06
  6.39993865E-06
  6.43139934E-06
  6.5098853E-06
  6.65103855E-06
  6.75775406E-06
  6.80269822E-06
  6.8011074E-06
  6.83921726E-06
  5.19433444E-06
  1.75408513E-06
  9.1928653E-10
  0.
  0.
  0.
  0.
  0.
  0.
  0.
  0.
  0.
  0.
  0.
  0.
  0.
  0.
  0.
  0.
  0.
  0.
  0.
  0.
  0.
  0.
  0.
  0.
  0.
  0.
  9.45426803E-09
  1.18273563E-05
  6.0124414E-05
  0.0001767714
  0.000417457326
  0.000722760699
  0.000974593063
  0.00147095404
  0.0029507579
  0.00564373222
  0.00851357605
  0.0102764248
  0.010678198
  0.00996524762
  0.00778907344
  0.00413344626
  0.00102372835
  9.23666457E-06
  5.79179976E-06
  5.8559003E-06
  5.95151426E-06
  6.05738466E-06
  6.12382287E-06
  6.17725998E-06
  6.28893261E-06
  6.44943528E-06
  6.53186312E-06
  6.55009711E-06
  6.64164506E-06
  6.75474478E-06
  6.80034229E-06
  6.79929625E-06
  6.83787196E-06
  5.19383652E-06
  1.75436494E-06
  1.14942975E-09
  0.
  0.
  0.
  0.
  0.
  0.
  0.
  0.
  0.
  0.
  0.
  0.
  0.
  0.
  0.
  0.
  0.
  0.
  0.
  0.
  0.
  0.
  0.
  0.
  0.
  0.
  1.35347823E-09
  1.17642492E-05
  6.01604316E-05
  0.000179206593
  0.000413989083
  0.000615255967
  0.000567797494
  0.00063771208
  0.0018290342
  0.00461323623
  0.00783101728
  0.00989495809
  0.0104617469
  0.00983593192
  0.0077115828
  0.00409349366
  0.00101181937
  8.47224601E-06
  5.79011645E-06
  5.85460548E-06
  5.95032512E-06
  6.05607115E-06
  6.12277703E-06
  6.1764886E-06
  6.28823437E-06
  6.44914359E-06
  6.53204461E-06
  6.55020893E-06
  6.64158729E-06
  6.7547553E-06
  6.80045212E-06
  6.79950492E-06
  6.836628E-06
  5.19095047E-06
  1.75279576E-06
  1.09665525E-09
  0.
  0.
  0.
  0.
  0.
  0.
  0.
  0.
  0.
  0.
  0.
  0.
  0.
  0.
  0.
  0.
  0.
  0.
  0.
  0.
  0.
  0.
  0.
  0.
  0.
  0.
  0.
  1.1995831E-05
  6.1072593E-05
  0.000175573864
  0.000402823842
  0.000715396786
  0.00105659549
  0.00167962625
  0.00322114328
  0.00592055734
  0.00878230799
  0.0105105026
  0.010856917
  0.0100919296
  0.00787455439
  0.00418113917
  0.00103866885
  1.02486471E-05
  5.79938336E-06
  5.86407963E-06
  5.95903288E-06
  6.06375413E-06
  6.13078149E-06
  6.18467801E-06
  6.29578412E-06
  6.40092356E-06
  6.43289296E-06
  6.51122992E-06
  6.65225811E-06
  6.75904166E-06
  6.80398774E-06
  6.80244832E-06
  6.841319E-06
  5.19761573E-06
  1.75676737E-06
  1.73246747E-09
  0.
  0.
  0.
  0.
  0.
  0.
  0.
  0.
  0.
  0.
  0.
  0.
  0.
  0.
  0.
  0.
  0.
  0.
  0.
  0.
  0.
  0.
  0.
  0.
  0.
  0.
  0.
  1.21253334E-05
  6.12218991E-05
  0.000171982351
  0.000431319849
  0.00104941195
  0.00224767733
  0.00401009191
  0.00619324418
  0.00863158997
  0.0107127258
  0.0117218625
  0.0116109505
  0.0105717083
  0.008177081
  0.00434336331
  0.00108884753
  1.37794069E-05
  5.71487898E-06
  5.78419945E-06
  5.87953966E-06
  5.97299606E-06
  6.09160281E-06
  6.19845276E-06
  6.25769192E-06
  6.31410939E-06
  6.39931174E-06
  6.52396887E-06
  6.66015442E-06
  6.76590876E-06
  6.80967046E-06
  6.80716053E-06
  6.84553262E-06
  5.20085193E-06
  1.75815151E-06
  1.92277812E-09
  0.
  0.
  0.
  0.
  0.
  0.
  0.
  0.
  0.
  0.
  0.
  0.
  0.
  0.
  0.
  0.
  0.
  0.
  0.
  0.
  0.
  0.
  0.
  0.
  0.
  0.
  5.49574804E-10
  1.17562546E-05
  5.88413482E-05
  0.000171198522
  0.000575578474
  0.00181793966
  0.00420438762
  0.0071733098
  0.00984760318
  0.0118488285
  0.0130018665
  0.0131617588
  0.0124996392
  0.0111330598
  0.00853089159
  0.00453421305
  0.00114895613
  1.85600568E-05
  5.73870771E-06
  5.80534434E-06
  5.8995128E-06
  5.99197405E-06
  6.10926289E-06
  6.21480303E-06
  6.2720608E-06
  6.32640848E-06
  6.41375076E-06
  6.54039789E-06
  6.67189657E-06
  6.77356195E-06
  6.81631977E-06
  6.8127597E-06
  6.89081821E-06
  5.28585982E-06
  1.80069967E-06
  2.13656628E-09
  0.
  0.
  0.
  0.
  0.
  0.
  0.
  0.
  0.
  0.
  0.
  0.
  0.
  0.
  0.
  0.
  0.
  0.
  0.
  0.
  0.
  0.
  0.
  0.
  0.
  0.
  2.86648845E-07
  1.2282949E-05
  5.76878409E-05
  0.000187298973
  0.0010036634
  0.003592305
  0.00776370619
  0.0117534594
  0.0142722922
  0.0153282385
  0.0153319097
  0.0145821101
  0.0133533907
  0.0116595816
  0.00885674672
  0.00470831367
  0.00120445868
  2.34208238E-05
  5.75678867E-06
  5.82290957E-06
  5.91678049E-06
  6.00877933E-06
  6.12549817E-06
  6.23025548E-06
  6.28946065E-06
  6.34852009E-06
  6.4376906E-06
  6.56221434E-06
  6.68743765E-06
  6.78415821E-06
  6.82558646E-06
  6.81848818E-06
  6.89519165E-06
  5.29027531E-06
  1.80239051E-06
  2.20568663E-09
  0.
  0.
  0.
  0.
  0.
  0.
  0.
  0.
  0.
  0.
  0.
  0.
  0.
  0.
  0.
  0.
  0.
  0.
  0.
  0.
  0.
  0.
  0.
  0.
  0.
  0.
  3.73762303E-07
  1.24753803E-05
  5.53615291E-05
  0.000232741308
  0.00172000786
  0.00626518533
  0.012928993
  0.0182276654
  0.0202220765
  0.0197157652
  0.0181097433
  0.0162019167
  0.0142967075
  0.0122208052
  0.00919236741
  0.00488365167
  0.00126033234
  2.86320166E-05
  5.76747167E-06
  5.78385597E-06
  5.82349206E-06
  5.9561576E-06
  6.12497436E-06
  6.23765942E-06
  6.29878426E-06
  6.35688847E-06
  6.44500122E-06
  6.56855588E-06
  6.69303417E-06
  6.789003E-06
  6.82959977E-06
  6.82189041E-06
  6.90186897E-06
  5.29963586E-06
  1.80660043E-06
  2.13225947E-09
  0.
  0.
  0.
  0.
  0.
  0.
  0.
  0.
  0.
  0.
  0.
  0.
  0.
  0.
  0.
  0.
  0.
  0.
  0.
  0.
  0.
  0.
  0.
  0.
  0.
  0.
  4.09307962E-07
  1.25505842E-05
  5.43129768E-05
  0.000268096943
  0.00207614491
  0.00745775228
  0.0151610606
  0.0211134742
  0.0230630582
  0.0219002356
  0.0194652217
  0.0169556062
  0.0147188638
  0.0124655034
  0.00933629838
  0.00495834036
  0.00128428765
  3.09756138E-05
  5.77241477E-06
  5.78834676E-06
  5.82781007E-06
  5.96042E-06
  6.12911812E-06
  6.24155706E-06
  6.30235045E-06
  6.3600724E-06
  6.44777622E-06
  6.57095834E-06
  6.69513513E-06
  6.79079014E-06
  6.83106287E-06
  6.82300904E-06
  6.83042855E-06
  5.15372939E-06
  1.73194496E-06
  1.48169257E-09
  0.
  0.
  0.
  0.
  0.
  0.
  0.
  0.
