   32.98646    
   37.11870    
   31.24578    
   33.99222    
   34.71810    
   37.99635    
   39.63110    
   37.09835    
   30.35749    
   38.90271    
   35.34533    
   38.78003    
   39.76277    
   37.67056    
   38.14278    
   33.15783    
   39.77389    
   36.39901    
   33.99733    
   39.44078    
   33.80714    
   38.31841    
   33.67630    
   32.64236    
   31.68936    
   36.61772    
   39.92751    
   32.37555    
   38.46459    
   30.67226    
   37.60608    
   35.62642    
   32.24686    
   39.64079    
   30.06995    
   31.10475    
   35.71142    
   37.09370    
   31.90425    
   34.36899    
   35.31313    
   33.72199    
   38.40983    
   31.97868    
   39.42142    
   33.62564    
   33.29938    
   37.37472    
   39.96969    
   38.53918    
   34.49107    
   35.25333    
   35.49692    
   37.68920    
   32.90551    
   31.64557    
   36.09976    
   32.90402    
   30.04409    
   31.85610    
   38.03595    
   38.32686    
   31.64666    
   37.87423    
   36.18142    
   31.51270    
   32.31561    
   39.67448    
   33.62764    
   36.75624    
   37.76126    
   35.52682    
   35.28303    
   39.41097    
   35.65095    
   36.79074    
   39.70294    
   30.96448    
   30.96191    
   33.51470    
   36.53053    
   39.26099    
   30.46704    
   32.04468    
   30.02547    
   36.83250    
   31.20910    
   39.47661    
   30.39449    
   32.59992    
   31.67793    
   32.65724    
   39.90580    
   35.81306    
   36.24378    
   31.00443    
   33.37759    
   36.85508    
   38.16171    
   37.46750    
   39.81934    
   38.29931    
   31.87244    
   39.47704    
   31.83031    
   37.93150    
   35.85037    
   34.32844    
   33.00491    
   30.57685    
   35.48966    
   33.95086    
   38.54195    
   32.65541    
   37.55393    
   34.16927    
   39.24355    
   35.50534    
   33.56431    
   31.97192    
