 -3.85366125E-05
  2.0388966E-05
 -6.72265085E-06
  0.00014189513
 -0.000150375295
 -0.000250685454
  0.00032828708
  0.000264387923
 -0.000375297045
 -0.000196634659
  0.00100110899
 -0.000914145782
 -0.00103459589
 -0.000707904992
 -0.00291586087
 -0.000655739751
 -0.0047101669
 -0.0059729679
 -0.00158479978
  0.00145735468
  0.00196644259
 -0.0024908478
  0.0651415929
  0.147747007
  0.0955107412
 -0.00203397752
 -0.107429838
 -0.125879244
 -0.0369676553
 -0.00211458394
 -0.000613025781
 -0.00108551326
 -0.000428065765
 -0.00144303135
 -2.86238335E-05
  0.000935117311
 -0.000466323369
  0.000194576225
  0.00111913956
  0.000623566898
 -0.000527792969
 -0.00128169952
 -0.000989405892
 -1.64680008E-05
  0.000616789328
  0.000625191817
  0.000338431489
 -6.25697159E-05
 -0.000473081067
 -0.000616562774
 -0.000390385163
 -4.90028893E-05
  0.000185233445
  0.000350945146
  0.000254587425
 -2.24027425E-05
 -0.000119870527
  7.81240097E-05
  0.00013597445
  0.000105148134
 -5.83615825E-05
 -0.000127944531
 -6.22476188E-05
  3.02443056E-05
 -7.12007973E-06
  0.000231954664
 -0.000245930167
 -0.000418431659
  0.000549168334
  0.000433990108
 -0.000669538985
 -0.000108590835
  0.00125901312
 -0.00102625311
 -0.00211232153
 -0.00120271852
 -0.00434676484
 -0.00178365769
 -0.00741450223
 -0.0100586517
 -0.00243044781
  0.00184829031
  0.00159024276
  0.00144758895
  0.0632656876
  0.166938532
  0.128759759
  0.0121708149
 -0.116455599
 -0.15322554
 -0.0577237652
 -0.00109788715
 -0.000399073192
 -0.00103986239
 -0.000161946147
 -0.00155698837
  0.000124950174
  0.001096807
 -0.00072649294
  0.000359282732
  0.00178008292
  0.00097244304
 -0.000866919343
 -0.00205917232
 -0.0015823289
 -4.41702889E-05
  0.000961321992
  0.000984302163
  0.0005250084
 -0.000115933765
 -0.000750435469
 -0.000964103168
 -0.000612906244
 -8.19679967E-05
  0.000301799446
  0.000556256589
  0.000399100727
 -2.40276002E-05
 -0.000169598095
  0.000121949271
  0.000221515227
  0.000164964704
 -8.57598982E-05
 -0.00021130362
 -8.29790888E-05
  3.51491948E-05
 -2.12726349E-06
  0.000317380477
 -0.000339296628
 -0.000573236464
  0.000716579861
  0.000678968281
 -0.00105472358
  0.000186669217
  0.0012543473
 -0.000984964825
 -0.0030383728
 -0.00229086351
 -0.00482725996
 -0.00384199357
 -0.00964173553
 -0.0142914572
 -0.00280056618
  0.000800232143
  0.00132362365
  0.00618546595
  0.0461223071
  0.136726438
  0.135817496
  0.0354234776
 -0.097209157
 -0.146503721
 -0.0672083888
  0.00178259767
 -0.00047579016
  5.75025336E-05
  0.000414638089
 -0.000814350032
  0.000268021593
  0.000963145772
 -0.00100979236
  0.000596595987
  0.0023196014
  0.0012235594
 -0.00118542619
 -0.00272909868
 -0.0020844868
 -8.42834613E-05
  0.00121985365
  0.00126067276
  0.000657807866
 -0.000179953872
 -0.000971568738
 -0.00122241141
 -0.000784655609
 -0.000113399497
  0.000404669743
  0.000721374545
  0.000509131822
 -4.87230867E-06
 -0.000181970673
  0.000156417803
  0.000293993737
  0.000211913592
 -0.000105538357
 -0.000285164462
 -9.9771216E-05
  3.3495845E-05
  1.01268576E-05
  0.000396064266
 -0.000427190856
 -0.000722525963
  0.000865697927
  0.00088806475
 -0.00128745669
  0.000267400199
  0.0013971805
 -0.000963078562
 -0.00390319831
 -0.00353088718
 -0.00529018603
 -0.0055093952
 -0.0128709694
 -0.0171600136
 -0.00416955855
 -0.000220487092
  0.00262933581
  0.00859406976
  0.029901138
  0.0912540672
  0.110229483
  0.0434832839
 -0.0654242343
 -0.114131599
 -0.056514842
  0.0039476283
  0.000667876413
  0.00121178722
  0.00186218769
  0.000536667366
  0.000587228249
  0.000336686071
 -0.00121047107
  0.000883563845
  0.00271618923
  0.00135759468
 -0.00148414397
 -0.00326387278
 -0.00246667987
 -0.000141001104
  0.00136754374
  0.0014307794
  0.000723330104
 -0.000248110613
 -0.00111651285
 -0.00136863433
 -0.000893707058
 -0.00014285457
  0.000485618454
  0.000832560928
  0.000581303981
  4.10546188E-05
 -0.000150892346
  0.000180172416
  0.000347088064
  0.00024223395
 -0.000118271609
 -0.000344178482
 -0.00011202389
  2.43674142E-05
  3.05808213E-05
  0.000467268409
 -0.000510929376
 -0.000854332392
  0.000961637482
  0.00105601324
 -0.00131933484
  0.000161516406
  0.00167370662
 -0.00104189105
 -0.00453888274
 -0.00507713202
 -0.00560519162
 -0.00709152287
 -0.0166402246
 -0.0189468367
 -0.00687308802
  3.67734138E-05
  0.00398877855
  0.00899740644
  0.0198994437
  0.0464280144
  0.0548320126
  0.0246161565
 -0.03062548
 -0.0559107478
 -0.0274396006
  0.00589906667
  0.00257820509
  0.00267932686
  0.00389294707
  0.00256577458
  0.00093748116
 -0.000633463296
 -0.00131792908
  0.00120878847
  0.00295601787
  0.00137115993
 -0.00176747647
 -0.00364515827
 -0.00271063129
 -0.000219993808
  0.00138394316
  0.00147621633
  0.000722550001
 -0.000310542268
 -0.00116821849
 -0.00139221852
 -0.000934366712
 -0.000169517923
  0.000534224643
  0.000880670088
  0.00061961449
  0.000117302273
 -7.68516266E-05
  0.000193902607
  0.000375993468
  0.000252559216
 -0.000123447392
 -0.000384835611
 -0.00011945228
  7.36333382E-06
  6.00057332E-05
  0.000529367539
 -0.000588146212
 -0.000968528843
  0.00100071488
  0.00121328262
 -0.00122649411
 -6.14652226E-05
  0.00207414925
 -0.00122636685
 -0.00503121699
 -0.00685964149
 -0.00555471802
 -0.00920333692
 -0.0199045007
 -0.0209679488
 -0.00970428824
  0.00026145446
  0.00397702928
  0.00996237105
  0.0158713679
  0.0055695862
 -0.0149381678
 -0.0138183853
  0.00253014069
  0.0157859273
  0.0129086058
  0.00755944125
  0.00502687501
  0.00435956473
  0.00618181548
  0.00495691988
  0.00126823326
 -0.00176159637
 -0.00129105815
  0.00151729139
  0.00305960884
  0.00126109477
 -0.00203684227
 -0.00386176492
 -0.0028133455
 -0.000329301535
  0.00126597768
  0.00139760896
  0.000658344624
 -0.000349919695
 -0.00111721221
 -0.00129643987
 -0.000907484381
 -0.000192987992
  0.000539994246
  0.000863611921
  0.00063467572
  0.000224680316
  3.33589926E-05
  0.00019916559
  0.000376525598
  0.000241111704
 -0.00012169292
 -0.000405710696
 -0.000122338516
 -1.72065996E-05
  9.8229394E-05
  0.000581829096
 -0.000655590803
 -0.00107194168
  0.000988466168
  0.0013837233
 -0.00110363733
 -0.000229519722
  0.00239042921
 -0.00133147447
 -0.00564448906
 -0.00841589584
 -0.00571678049
 -0.0114450545
 -0.0228298958
 -0.0230511501
 -0.012900833
  0.000112175165
  0.00408840165
  0.0104073598
  0.0106018306
 -0.0328861586
 -0.0734681168
 -0.0398806159
  0.0344618287
  0.073943221
  0.0454617679
  0.00990289879
  0.00708513032
  0.00606497224
  0.00820394733
  0.00702561314
  0.00149810989
 -0.00265894595
 -0.00121656377
  0.00180427883
  0.00303467474
  0.00102903216
 -0.00227868195
 -0.00391545986
 -0.00279409177
 -0.000464932323
  0.00103311462
  0.00120576143
  0.000545261395
 -0.000349843743
 -0.000962214812
 -0.00109722472
 -0.000821763228
 -0.000211506213
  0.000494049276
  0.00078881706
  0.000640170108
  0.000361204958
  0.000167655833
  0.000198236357
  0.000344275356
  0.000208471706
 -0.000115794232
 -0.000407744866
 -0.000120809519
 -4.93243004E-05
  0.000145199038
  0.000623521713
 -0.000709770542
 -0.00117103739
  0.000938711175
  0.00156091549
 -0.000992644309
 -0.000228379174
  0.00243350288
 -0.0011441885
 -0.0066126301
 -0.00942890279
 -0.00649365774
 -0.0134967324
 -0.025477628
 -0.0251761643
 -0.0166468725
 -0.000499614227
  0.00550011121
  0.00872569946
  0.000768677767
 -0.0605060406
 -0.098543802
 -0.0440089962
  0.0551030839
  0.103491723
  0.0618417612
  0.0128007388
  0.00849894757
  0.00754008101
  0.00971734877
  0.008299315
  0.00161259724
 -0.00309935519
 -0.00112798379
  0.00204231096
  0.0029055232
  0.000685240057
 -0.00247870838
 -0.00381694222
 -0.00268365099
 -0.000624375714
  0.000705947881
  0.00092229002
  0.00040485057
 -0.000296792556
 -0.000714869488
 -0.000821604575
 -0.000690555827
 -0.000225617895
  0.000394795014
  0.000671079886
  0.000650547431
  0.000519238314
  0.000312788293
  0.000192875254
  0.000278663867
  0.000156885441
 -0.000107972015
 -0.000391871912
 -0.000114911372
 -8.88992E-05
  0.000200736774
  0.000653838015
 -0.000750786725
 -0.00126046876
  0.000840905308
  0.00173254021
 -0.00085248231
 -0.000127504998
  0.00232323327
 -0.000926096872
 -0.00739517869
 -0.0104729717
 -0.00735616583
 -0.0160763934
 -0.0266989918
 -0.0287862692
 -0.0197253671
 -0.00237270084
  0.00594476303
  0.00779733291
 -0.0112515267
 -0.0660830614
 -0.0842912648
 -0.0328533829
  0.0545518359
  0.101973719
  0.0623565673
  0.0160453715
  0.00922835032
  0.00880115597
  0.0106571539
  0.00868238033
  0.00160687914
 -0.00303757888
 -0.00100461452
  0.00220402562
  0.00268847288
  0.000255940048
 -0.00262007813
 -0.00359681637
 -0.00250685605
 -0.000814496574
  0.000304541146
  0.00058000333
  0.000260945896
 -0.00018268889
 -0.000401027431
 -0.000504665085
 -0.000529590001
 -0.000237413294
  0.000250384578
  0.00053161883
  0.000676779212
  0.000686412356
  0.00045667489
  0.000183479072
  0.000183480272
  9.02064131E-05
 -9.96091773E-05
 -0.000358873246
 -0.00010475315
 -0.000135332598
  0.000263709191
  0.000674196147
 -0.000782796277
 -0.00132980537
  0.000689025936
  0.00188447955
 -0.000641052692
  1.47034436E-05
  0.00207528302
 -0.000641804098
 -0.00810654213
 -0.0112405792
 -0.0088992759
 -0.0181729837
 -0.0274832317
 -0.0332302346
 -0.0226896009
 -0.00471432932
  0.00537312552
  0.00670121102
 -0.0190971301
 -0.0542786118
 -0.0550017766
 -0.0186212618
  0.0440438684
  0.0832805431
  0.0557449265
  0.0189437242
  0.00952357795
  0.0100963134
  0.0110868539
  0.00846236424
  0.00148204549
 -0.0026049548
 -0.000788484562
  0.00226910795
  0.0023713502
 -0.000210036093
 -0.0026898099
 -0.00328154021
 -0.00230337465
 -0.00104204502
 -0.000144648185
  0.00021286648
  0.000141066117
 -1.22388632E-05
 -5.60616332E-05
 -0.000183298357
 -0.000355037897
 -0.000248712429
  7.99739529E-05
  0.000395903395
  0.000722366474
  0.000848101839
  0.000589133594
  0.000169499024
  6.68304954E-05
  1.32286859E-05
 -9.01405911E-05
 -0.000311061657
 -9.07310159E-05
 -0.000187419959
  0.000332410073
  0.000685996307
 -0.000807265365
 -0.00137666413
  0.000490794644
  0.00201780139
 -0.000337200492
  4.70234562E-05
  0.00195880877
 -0.000642763064
 -0.00840913642
 -0.0117009988
 -0.0115333001
 -0.0189882261
 -0.0288977074
 -0.0374523683
 -0.0264846013
 -0.00659200902
  0.004655248
  0.00417887316
 -0.0205485145
 -0.0433675083
 -0.034436901
 -0.00505700748
  0.0373578704
  0.0668040689
  0.0499758517
  0.0203469645
  0.0104160964
  0.0112154039
  0.0114262604
  0.00786654218
  0.00138517204
 -0.00204597644
 -0.00044607072
  0.00222957401
  0.0019418237
 -0.000669134781
 -0.00267490069
 -0.00290324099
 -0.00211499526
 -0.0013015781
 -0.000611165358
 -0.000141840095
  6.36053873E-05
  0.000198198795
  0.000280004903
  0.000109791477
 -0.000181759174
 -0.000257871706
 -8.70888503E-05
  0.000288003137
  0.000783412056
  0.000988934799
  0.000702217115
  0.000149944247
 -6.05988891E-05
 -6.87293869E-05
 -7.84482963E-05
 -0.000252352901
 -7.37088783E-05
 -0.000242792097
  0.000403604568
  0.000691920055
 -0.00082830258
 -0.00138705431
  0.000234393937
  0.00214025247
  1.2541975E-05
  4.75595168E-05
  0.00189892229
 -0.000962793285
 -0.00798633384
 -0.0123987063
 -0.0144347794
 -0.0193616926
 -0.0303340527
 -0.0420393111
 -0.0303584599
 -0.00906532978
  0.00321849038
  0.00221945694
 -0.0199988405
 -0.0301518952
 -0.0164364413
  0.00363214181
  0.0313931385
  0.0534363144
  0.0452813546
  0.0207268078
  0.0116393684
  0.0123421451
  0.0116148726
  0.00705890373
  0.00131466421
 -0.00141222969
 -2.47157061E-05
  0.00209042203
  0.00139648767
 -0.00109308343
 -0.00256713192
 -0.00250321119
 -0.00196748552
 -0.00157906002
 -0.0010513277
 -0.000448609877
  3.68820252E-05
  0.000420012786
  0.000568627848
  0.000351132536
 -2.03312963E-05
 -0.000257167107
 -0.00021724478
  0.000226966802
  0.000847898553
  0.0010960968
  0.000789050183
  0.000124077571
 -0.000188627889
 -0.000150507791
 -6.65655296E-05
 -0.000186054137
 -5.47625285E-05
 -0.000298598911
  0.000473602576
  0.000693882232
 -0.000846662668
 -0.00135673345
 -6.02629362E-05
  0.00223091874
  0.000357485737
  0.000100557311
  0.00175278075
 -0.00133337882
 -0.00715316491
 -0.0131992993
 -0.0173053027
 -0.0196722991
 -0.0317744128
 -0.0466650104
 -0.0347133442
 -0.0116995274
  0.000802541861
  0.00117674603
 -0.0174006938
 -0.0323084905
 -0.0145508319
  0.0124080379
  0.0385212326
  0.0541894394
  0.0418028936
  0.0207694638
  0.0131374007
  0.0136605925
  0.0116552707
  0.00628286484
  0.00128959028
 -0.000770912203
  0.000467884318
  0.001830279
  0.000748809231
 -0.00145804599
 -0.00238138813
 -0.00211439253
 -0.00187499905
 -0.00185217416
 -0.00142821986
 -0.000682619647
  5.60948467E-05
  0.000617877991
  0.000779056821
  0.000529496561
  0.00012503254
 -0.000233058303
 -0.000279310738
  0.000220613981
  0.00090011161
  0.00115963166
  0.000844946171
  9.31450165E-05
 -0.000306253087
 -0.000228484041
 -5.43837699E-05
 -0.000116502356
 -3.52417996E-05
 -0.000351641939
  0.000538260594
  0.000694653734
 -0.000864308284
 -0.00128550936
 -0.000353132276
  0.00222787303
  0.000708957616
  0.000222040166
  0.00144621135
 -0.00155447752
 -0.00626538199
 -0.0138725797
 -0.0198725962
 -0.0203912484
 -0.0330900224
 -0.0510680188
 -0.0398428783
 -0.0143179208
 -0.00236540933
 -0.000255670808
 -0.0129051461
 -0.0393864218
 -0.0197107642
  0.0203625993
  0.0521643278
  0.0609301764
  0.0376158317
  0.0208387724
  0.0147790719
  0.0150310188
  0.0114947536
  0.00551250437
  0.00130777399
 -7.4227779E-05
  0.000976678036
  0.00143578857
  3.04535431E-05
 -0.00176048306
 -0.00214139017
 -0.00176433462
 -0.00183731768
 -0.00208809557
 -0.00170497592
 -0.000829351096
  0.000100769215
  0.000755942545
  0.00089406667
  0.00064669331
  0.000256064217
 -0.000167528024
 -0.000251967111
  0.000264152307
  0.000924426224
  0.00117498315
  0.000865854707
  6.0922539E-05
 -0.000405991257
 -0.000299605443
 -4.39065547E-05
 -4.72145095E-05
 -1.67887348E-05
 -0.000398556391
  0.00059335075
  0.000697907909
 -0.000885548847
 -0.00117167752
 -0.00061750994
  0.00208286037
  0.00109902221
  0.000385389393
  0.000984195278
 -0.00156013538
 -0.00549843944
 -0.0143063445
 -0.0219683791
 -0.0217559073
 -0.0342992061
 -0.0550485568
 -0.0457318629
 -0.0175148283
 -0.00508060131
 -0.0046713465
 -0.00732532435
 -0.015581699
  0.00247008826
  0.0266895251
  0.0430704025
  0.0441903773
  0.0288376655
  0.0209433365
  0.0163130441
  0.0160314311
  0.0110391639
  0.00445321989
  0.00132783355
  0.000843934663
  0.00138256947
  0.000922964324
 -0.000722996171
 -0.00201183375
 -0.00186951252
 -0.00147779231
 -0.00184087544
 -0.00224697073
 -0.00184926286
 -0.000889483379
  0.000140712216
  0.000806195005
  0.000914656511
  0.000715057118
  0.000379977855
 -4.2209105E-05
 -0.000130202295
  0.00034100057
  0.00090899819
  0.00114260692
  0.000848817947
  3.37943452E-05
 -0.00048482765
 -0.000361489376
 -3.90634104E-05
  1.93284858E-05
 -8.75510935E-07
 -0.000436684013
  0.000636241119
  0.000704676471
 -0.000910912663
 -0.00101598392
 -0.000837309582
  0.00179342012
  0.00151124081
  0.000574945758
  0.000425698928
 -0.00138629438
 -0.00492018809
 -0.0144658769
 -0.0235220893
 -0.0237404139
 -0.035564024
 -0.058404347
 -0.0524564537
 -0.0214435379
 -0.00651284001
 -0.0132517665
  0.00121987795
  0.0418852348
  0.0539467518
  0.0372647271
  0.00587404005
 -0.00425811027
  0.0172057038
  0.0213252762
  0.0176979201
  0.0165819732
  0.0103842162
  0.00316187826
  0.00137414089
  0.00194386941
  0.00162976715
  0.000307928907
 -0.00147371309
 -0.00221433944
 -0.00159704588
 -0.00126698279
 -0.00186009176
 -0.00229989181
 -0.00185574439
 -0.000881971729
  0.000143717248
  0.000755070353
  0.000858749393
  0.000752725241
  0.000509284701
  0.000152905948
  7.20266883E-05
  0.000426022614
  0.000850824332
  0.00106518676
  0.000796519289
  1.81335236E-05
 -0.000539748398
 -0.000413249912
 -3.90076578E-05
  7.94213284E-05
  1.14165703E-05
 -0.000464659018
  0.000666801928
  0.000712443117
 -0.000935047544
 -0.00082913755
 -0.00100408385
  0.00142197114
  0.00186951674
  0.000783139546
 -0.000157273319
 -0.0010951599
 -0.00454399028
 -0.014359674
 -0.0245616702
 -0.0262084292
 -0.036876724
 -0.0614186133
 -0.0595165933
 -0.0265205327
 -0.00793134039
 -0.0208552506
 -0.00301224829
  0.0848659551
  0.108099171
  0.0531121304
 -0.0224643273
 -0.0453430009
  0.00537174596
  0.0234153048
  0.0189750206
  0.0172140836
  0.00972579521
  0.00219048785
  0.00151241133
  0.00294977108
  0.00172792827
 -0.000386863865
 -0.00218411615
 -0.00235995913
 -0.0013588508
 -0.00113102164
 -0.00186021201
 -0.00223662632
 -0.00174967063
 -0.000841803432
  8.27384395E-05
  0.000610178359
  0.000755833165
  0.000781019195
  0.000657926669
  0.000413330505
  0.000323027975
  0.000492702116
  0.000755653285
  0.00094684969
  0.000719406343
  1.80501513E-05
 -0.000567038174
 -0.000454795279
 -3.70104814E-05
  0.000126929535
  1.92863356E-05
 -0.000482063488
  0.000686016856
  0.000718568387
 -0.000954885138
 -0.000611699166
 -0.00114579234
  0.0010385963
  0.0021362247
  0.000995450222
 -0.000682069243
 -0.000822570333
 -0.00423430774
 -0.0140908003
 -0.0252277115
 -0.0287668058
 -0.0384957597
 -0.0640705124
 -0.0667738761
 -0.0327790652
 -0.0101262558
 -0.0244457319
 -0.0187081795
  0.0701812655
  0.128795262
  0.0781211979
 -0.0151965676
 -0.0463975553
  0.00048421331
  0.0276809382
  0.0202857141
  0.0184326948
  0.00924001415
  0.00205315756
  0.00178077935
  0.00359999083
  0.00166706795
 -0.0010979343
 -0.00282602333
 -0.00244379487
 -0.00117802342
 -0.00106133131
 -0.0018058079
 -0.00205976504
 -0.00157454755
 -0.000809272243
 -5.39040257E-05
  0.000398770958
  0.000641204193
  0.000819758907
  0.000834029142
  0.00071697469
  0.000578162049
  0.000522700628
  0.000634091537
  0.000795570611
  0.000631408897
  3.45093006E-05
 -0.000565765226
 -0.000485366867
 -2.85319986E-05
  0.000158186763
  2.2285412E-05
 -0.000489460708
  0.000695739948
  0.000720900642
 -0.000968059169
 -0.000375660563
 -0.00123872185
  0.000633874693
  0.0023315329
  0.00115445267
 -0.00102805823
 -0.000785552521
 -0.00372016961
 -0.01384927
 -0.0256590282
 -0.0311547799
 -0.0404886659
 -0.0663129436
 -0.074449083
 -0.0396734428
 -0.0130453251
 -0.0261935818
 -0.0337522081
  0.0186127355
  0.0953914962
  0.0881983951
  0.029829969
 -0.008591601
  0.0169306321
  0.0312302008
  0.0229567538
  0.0196926622
  0.00943255802
  0.0026729988
  0.00232054018
  0.00367707396
  0.00146811154
 -0.00176416629
 -0.00336551952
 -0.00246823437
 -0.001070139
 -0.00103891711
 -0.00166862221
 -0.0017872537
 -0.00137902987
 -0.000817673447
 -0.000256370342
  0.000163886262
  0.000548660137
  0.000882164785
  0.00103416957
  0.00102372737
  0.000792121557
  0.000510452324
  0.000497939508
  0.000623999201
  0.000546968573
  6.43934263E-05
 -0.000538700248
 -0.000503361546
 -1.47975808E-05
  0.000173941469
  2.04770234E-05
 -0.000488215359
  0.000698098878
  0.000717276561
 -0.000970203509
 -0.000141097224
 -0.00126658155
  0.000240459129
  0.00241364252
  0.00133955318
 -0.00125179962
 -0.00103463104
 -0.00299206953
 -0.0135494061
 -0.0260238012
 -0.0334184003
 -0.0424879369
 -0.0685520972
 -0.0822799094
 -0.0472051437
 -0.0175951688
 -0.0263503035
 -0.0436154579
 -0.0392368521
  0.0150105211
  0.0677752438
  0.0812824902
  0.0726727835
  0.0581721878
  0.0331871748
  0.0269906996
  0.0210490357
  0.0101793117
  0.00402031843
  0.00305529367
  0.00318007744
  0.00116502865
 -0.00234167707
 -0.00376250545
 -0.00244267669
 -0.00104685876
 -0.00103426578
 -0.00143497826
 -0.00145389721
 -0.00121167468
 -0.000880357873
 -0.000493377533
 -4.43441515E-05
  0.000503124419
  0.000969907384
  0.00123873233
  0.00128131528
  0.000931520248
  0.000463376071
  0.000359518578
  0.000449527275
  0.000477492833
  0.000101386461
 -0.000490338504
 -0.000507237415
  8.76900949E-07
  0.000176298641
  1.41620139E-05
 -0.000479897151
  0.000695793931
  0.000702642475
 -0.000946974777
  5.02779521E-05
 -0.00118874501
 -0.000119683772
  0.00233168307
  0.00162973188
 -0.00138433601
 -0.00160288523
 -0.00220689807
 -0.0130529333
 -0.026380799
 -0.035525925
 -0.0444800082
 -0.0706658651
 -0.0903198101
 -0.0556760019
 -0.0234919707
 -0.0259668566
 -0.0547904909
 -0.109152957
 -0.06933921
  0.0455488173
  0.13687687
  0.164596691
  0.103995391
  0.0347509485
  0.0315788946
  0.0222544498
  0.010920378
  0.00551078869
  0.00388716122
  0.00233624716
  0.000772776499
 -0.00281228338
 -0.00397565922
 -0.00238624647
 -0.0011052311
 -0.00101747508
 -0.00111401284
 -0.00109898138
 -0.00109316588
 -0.000985197904
 -0.000712213596
 -0.000181665814
  0.000511555813
  0.00106895427
  0.00141141292
  0.00144099366
  0.000984292225
  0.000400487309
  0.000230717488
  0.000292492909
  0.000427094167
  0.000138230873
 -0.000428389734
 -0.000496245336
  1.33597309E-05
  0.000165755753
  4.46213631E-06
 -0.000467348705
  0.000693804154
  0.000669886051
 -0.000886338434
  0.000179671828
 -0.00101247323
 -0.000415554457
  0.00208025048
  0.00206753334
 -0.00153020823
 -0.00234459889
 -0.00170358132
 -0.0121003782
 -0.02674962
 -0.0376213979
 -0.0462576596
 -0.0727044072
 -0.0984769799
 -0.0656182129
 -0.0307062126
 -0.0257612391
 -0.0815890565
 -0.20292548
 -0.140997385
  0.0483721974
  0.213088131
  0.253761727
  0.137202073
  0.0366234344
  0.0354629705
  0.0233741549
  0.0107464126
  0.00671601259
  0.00447337111
  0.00158495415
  0.00027401673
 -0.00316703526
 -0.00398169535
 -0.00232270605
 -0.00122363665
 -0.000961318948
 -0.000739398933
 -0.000768395931
 -0.00102089847
 -0.00109371753
 -0.000854646703
 -0.000223929188
  0.000559381751
  0.00115017669
  0.00150750632
  0.00147353813
  0.000961598228
  0.000343854892
  0.000122697191
  0.000172387461
  0.000391898488
  0.000169535865
 -0.000361311934
 -0.000470796191
  1.93997717E-05
  0.000141830091
 -7.00631303E-06
 -0.000453669689
  0.000696440344
  0.000614404756
 -0.0007806414
  0.000228911604
 -0.000722910957
 -0.000663261598
  0.00169633809
  0.00260806654
 -0.00167012498
 -0.0032669781
 -0.0015366515
 -0.0106819848
 -0.0270018703
 -0.0399609555
 -0.0475863598
 -0.0746457158
 -0.106953158
 -0.076702312
 -0.039799314
 -0.0297726493
 -0.122253517
 -0.264604135
 -0.155409064
  0.0767329427
  0.278212485
  0.304147597
  0.132142308
  0.0421391135
  0.0372648844
  0.0234253149
  0.0094578914
  0.00675953416
  0.00470927671
  0.00122120247
 -0.000309011874
 -0.0034054471
 -0.00378863629
 -0.00227376642
 -0.00136572895
 -0.000846244079
 -0.000367956634
 -0.000493366585
 -0.000959299078
 -0.00114239865
 -0.000883489238
 -0.000177103294
  0.000611157047
  0.00117467579
  0.00148881368
  0.00138139469
  0.000892311288
  0.000310883496
  4.78279691E-05
  0.000102152062
  0.000360866305
  0.000192739577
 -0.000298857702
 -0.000432477823
  1.40079224E-05
  0.000106962948
 -1.83972295E-05
 -0.000441270137
  0.000704674787
  0.000540233942
 -0.000643744732
  0.000223705824
 -0.00038892156
 -0.000783648412
  0.00119446565
  0.00316759
 -0.00174901747
 -0.00438571686
 -0.00155410985
 -0.00908864212
 -0.0268613719
 -0.0426288728
 -0.0486729503
 -0.0760265965
 -0.11628137
 -0.088282319
 -0.0492718703
 -0.0397796909
 -0.125368476
 -0.202657615
 -0.0942045187
  0.0875146674
  0.262649966
  0.268937959
  0.099039822
  0.0467643343
  0.0377285208
  0.0217730653
  0.00717747995
  0.00526709599
  0.00450771344
  0.00141593022
 -0.000904918406
 -0.00353811729
 -0.00343857834
 -0.00225451835
 -0.0014777524
 -0.000672407342
 -5.98560962E-05
 -0.000288169476
 -0.000867381384
 -0.00108043092
 -0.000786821237
 -8.30526784E-05
  0.000618797696
  0.00110622828
  0.00134114489
  0.00119913649
  0.000809995147
  0.000310362353
  1.82653261E-05
  8.2310556E-05
  0.000321227986
  0.000208816153
 -0.000249387715
 -0.000382736944
 -7.2223942E-06
  6.94482225E-05
 -2.76501211E-05
 -0.000432337164
  0.000718799855
  0.000452851195
 -0.000493022832
  0.00019458661
 -6.43606947E-05
 -0.000713878248
  0.000572712665
  0.0036767682
 -0.00171278954
 -0.00564939579
 -0.00171173279
 -0.00739990482
 -0.0264666841
 -0.0452303981
 -0.0499268459
 -0.0767575168
 -0.126256973
 -0.100038764
 -0.0597741938
 -0.0505477958
 -0.0353540476
 -0.0348579254
  0.0013264726
  0.0756293686
  0.146535897
  0.147163877
  0.0658294018
  0.0460811108
  0.0374432374
  0.0187705038
  0.00418051936
  0.00257489916
  0.00386117004
  0.00212314136
 -0.0014667667
 -0.00353575577
 -0.00301746418
 -0.00226607222
 -0.00150342245
 -0.000469483529
  0.000150521444
 -0.000145501018
 -0.000705041345
 -0.00088649013
 -0.000602856796
 -4.15656846E-06
  0.000540673372
  0.000927655879
  0.00108619243
  0.000981660479
  0.000742359228
  0.000342577833
  4.30588328E-05
  0.000100037485
  0.000266374126
  0.000218752458
 -0.000215514447
 -0.000323612587
 -4.14443924E-05
  3.47737912E-05
 -3.31413276E-05
 -0.000427588742
  0.000736329454
  0.000361931843
 -0.000349909659
  0.0001704621
  0.00022390841
 -0.000426947269
 -0.000142387698
  0.00397651721
 -0.00140173349
 -0.00700679077
 -0.00198246097
 -0.0056892649
 -0.0259231311
 -0.047465907
 -0.0515235251
 -0.0773430379
 -0.135660317
 -0.113147274
 -0.0724837933
 -0.0579198762
  0.0694049264
  0.142003673
  0.114389353
  0.0655179846
  0.00725234226
  0.0050112097
  0.0375963458
  0.0438012405
  0.0364454221
  0.0153818392
  0.00101183574
 -0.000327388264
  0.00293409846
  0.002818847
 -0.00185664815
 -0.00339695314
 -0.00263935458
 -0.00227244901
 -0.00142716447
 -0.000269815626
  0.000259328258
 -3.15614196E-05
 -0.000444471802
 -0.000586094226
 -0.000399870713
 -1.50246163E-06
  0.000359473031
  0.000654117614
  0.000779084625
  0.000784098559
  0.000702927611
  0.000406314142
  0.000121985065
  0.00013684859
  0.000199646249
  0.000220321623
 -0.000191101391
 -0.00025889953
 -7.23874146E-05
 -5.8412004E-06
 -3.4463502E-05
 -0.000425857226
  0.000752829941
  0.000277579107
 -0.000230014752
  0.000162165529
  0.000466359312
  5.58615664E-05
 -0.000853699427
  0.00385573576
 -0.000653141338
 -0.00831411091
 -0.0025406575
 -0.0039134586
 -0.0252477158
 -0.0491016227
 -0.0537848504
 -0.0779992703
 -0.143563367
 -0.128895915
 -0.0888326739
 -0.0696404742
  0.136106931
  0.305692805
  0.218912339
  0.0598905726
 -0.100137562
 -0.108329359
  0.00683837054
  0.0428706254
  0.0353802473
  0.0120786447
 -0.00177566867
 -0.00261319937
  0.00187677189
  0.00302433619
 -0.00198936618
 -0.00313027818
 -0.00240853261
 -0.00222955605
 -0.00126751173
 -0.000103240053
  0.000295069859
  0.000116490346
 -9.24132744E-05
 -0.000249320592
 -0.00025374529
 -0.00010783298
  9.33138668E-05
  0.00033355835
  0.000487681397
  0.000641661023
  0.000691776514
  0.000499152056
  0.000239914768
  0.000175874024
  0.000129508388
  0.000208783102
 -0.000169244974
 -0.000191134419
 -8.78283383E-05
 -6.03353641E-05
 -3.17620591E-05
 -0.000425741831
  0.00076446793
  0.000207276973
 -0.000143681366
  0.000181382001
  0.00063708269
  0.000685748231
 -0.00140473206
  0.00315233273
  0.000566812747
 -0.00931904339
 -0.00362171803
 -0.00209533221
 -0.0241304989
 -0.0501526791
 -0.0572208956
 -0.0784051989
 -0.150118978
 -0.146583906
 -0.110878791
 -0.0826441066
  0.1231752
  0.377052545
  0.300609883
  0.0697620307
 -0.116780667
 -0.144984587
 -0.0214129285
  0.0443774744
  0.0351076825
  0.00928999379
 -0.00364330965
 -0.00365483243
  0.000798938068
  0.00253362951
 -0.00178706172
 -0.00280819016
 -0.00233122628
 -0.00213383875
 -0.0010596928
  9.44480793E-06
  0.000327935867
  0.000332268951
  0.000289033553
  3.2582527E-05
 -0.00022270487
 -0.000308570879
 -0.000204054612
  3.02780533E-05
  0.000268113852
  0.000557136884
  0.000702897909
  0.000611215777
  0.000371934388
  0.000205887502
  6.58667854E-05
  0.000179810167
 -0.000142140773
 -0.000122045503
 -7.9123997E-05
 -0.000131951513
 -2.64049357E-05
 -0.000423458018
  0.000763648238
  0.00016278101
 -0.000103805621
  0.000237448591
  0.000720929491
  0.00137490189
 -0.00166277866
  0.00195731837
  0.00193881365
 -0.00949409002
 -0.00555978031
 -0.000416042209
 -0.0220471419
 -0.0507199241
 -0.0623156209
 -0.0784270849
 -0.15524003
 -0.166420046
 -0.136510936
 -0.100766333
  0.0814077628
  0.352704991
  0.318636969
  0.11397784
 -0.0595488737
 -0.122238455
 -0.0328952853
  0.0464092999
  0.035755024
  0.00684200186
 -0.00432922108
 -0.00397218185
 -0.000253747677
  0.00175962171
 -0.00135490072
 -0.00247459931
 -0.00236797389
 -0.00200907462
 -0.00084511075
  8.28176634E-05
  0.000421598863
  0.000610971347
  0.000614365663
  0.000179498078
 -0.000306254302
 -0.000543669224
 -0.000465227071
 -0.000197008733
  0.000138025208
  0.000510857477
  0.000723525671
  0.000727742961
  0.000489402374
  0.000227944021
  8.64861687E-06
  0.000135313987
 -0.000110462404
 -5.1425108E-05
 -5.2868745E-05
 -0.000211757646
 -2.12351542E-05
 -0.000413524907
  0.000742710574
  0.000151570884
 -0.000112959853
  0.000329594303
  0.000717561138
  0.00205777704
 -0.00163557055
  0.000575198044
  0.00294599097
 -0.0082028088
 -0.00875843035
  0.000971086496
 -0.0184174076
 -0.0513148662
 -0.0686635568
 -0.0788865387
 -0.158453385
 -0.188731756
 -0.164583066
 -0.124241136
  0.0450239382
  0.289353378
  0.304122327
  0.181571653
  0.0158852796
 -0.0864143065
 -0.0288473336
  0.0495201672
  0.035554129
  0.00465382023
 -0.00424856155
 -0.00419579179
 -0.00135677929
  0.00117287303
 -0.000849196375
 -0.00216966051
 -0.00246098499
 -0.00186882168
 -0.000659317295
  0.000166749372
  0.000596696303
  0.000906209706
  0.000802615581
  0.000168997455
 -0.000445080347
 -0.000730695307
 -0.000630048831
 -0.000320848618
  7.65535157E-05
  0.000474248612
  0.000741658023
  0.000826833205
  0.00057515159
  0.000248482546
 -4.61628042E-05
  8.14531255E-05
 -7.84415889E-05
  1.88884327E-05
 -1.70555837E-05
 -0.000293067588
 -1.90131364E-05
 -0.000392023911
  0.000699402196
  0.000167728143
 -0.000150241228
  0.000429308468
  0.000696275021
  0.00231809763
 -0.000663309062
 -0.0014739321
  0.00408037891
 -0.00616495172
 -0.012068086
  0.000835799306
 -0.0125460755
 -0.0520444002
 -0.0760028148
 -0.0804604277
 -0.160104585
 -0.211667311
 -0.195797688
 -0.151106763
  0.0123221427
  0.236879831
  0.303841014
  0.23551168
  0.0703542545
 -0.0482208348
 -0.0153467487
  0.0534338178
  0.0342248822
  0.00276503432
 -0.00389325525
 -0.00410668108
 -0.00258729469
  0.000829494733
 -0.000294314196
 -0.00197105673
 -0.00253623939
 -0.0017037819
 -0.000492381535
  0.00031086929
  0.000826135698
  0.00110833932
  0.000805940199
  6.0417761E-05
 -0.000552116305
 -0.000802843701
 -0.000673603322
 -0.000358879683
  3.89077856E-05
  0.000422393853
  0.000746234427
  0.000884915301
  0.000631021302
  0.000270213061
 -9.9377244E-05
  2.51811809E-05
 -4.71457019E-05
  8.50563071E-05
  2.75071502E-05
 -0.00037359683
 -2.19850795E-05
 -0.000358088674
  0.000638892288
  0.000195824244
 -0.000187435264
  0.000497639944
  0.000755735562
  0.00196528167
  0.00112522491
 -0.00334550773
  0.00421417802
 -0.00270305499
 -0.0156877351
 -0.000507534561
 -0.00564807767
 -0.0509787482
 -0.0849939896
 -0.0837105527
 -0.161088904
 -0.233969714
 -0.227863862
 -0.183020002
 -0.0236288445
  0.201707322
  0.311327259
  0.267802082
  0.112815313
 -0.00199065162
  0.00723987283
  0.056995348
  0.0325916904
  0.000606848489
 -0.00281226202
 -0.00393783294
 -0.00360792935
  0.000583170412
  0.000309455915
 -0.00194215652
 -0.00252941208
 -0.00148481597
 -0.000287836517
  0.00054899831
  0.00101733479
  0.00111112394
  0.00065075442
 -4.50517764E-05
 -0.00054718781
 -0.000742922259
 -0.000622828229
 -0.000362202805
 -1.88437459E-05
  0.000345096635
  0.000723380297
  0.000892617765
  0.000667523896
  0.000291992006
 -0.000147273452
 -2.84371333E-05
 -1.67449856E-05
  0.000145039899
  8.09324827E-05
 -0.000451467856
 -2.95308711E-05
 -0.000317679921
  0.000575043281
  0.00021447013
 -0.000190740559
  0.000469554154
  0.000964573346
  0.0013137646
  0.00286131926
 -0.00398409514
  0.00260566443
  0.00182393696
 -0.0181028969
 -0.00462854692
  0.00247478225
 -0.0474848879
 -0.0943323345
 -0.0905395509
 -0.16242649
 -0.253828173
 -0.260495717
 -0.217689203
 -0.0618439342
  0.175615168
  0.313271541
  0.285364336
  0.161155918
  0.0502503168
  0.0335556374
  0.0608978407
  0.0298474477
 -0.00130321972
 -0.00146858656
 -0.0038406221
 -0.00437359221
  0.000685565738
  0.000709985885
 -0.0020158753
 -0.00241040543
 -0.0011860678
  6.10761016E-05
  0.000847324485
  0.00104620474
  0.000896774071
  0.00044659239
 -4.99288424E-05
 -0.000422243406
 -0.000592116094
 -0.000539892877
 -0.000385243725
 -0.000115458665
  0.000244921772
  0.000661627476
  0.000861015268
  0.000692377046
  0.000312571654
 -0.000184751262
 -7.70923079E-05
  1.11056747E-05
  0.000199434799
  0.000139413427
 -0.000524451376
 -3.8143838E-05
 -0.00028153511
  0.000528735175
  0.000193212304
 -0.000124008602
  0.00033891709
  0.00120313427
  0.000934189981
  0.00358948894
 -0.00273784993
 -0.000481094215
  0.00576709103
 -0.0170591086
 -0.0123377075
  0.0101240487
 -0.0397913604
 -0.102220229
 -0.102960657
 -0.166371289
 -0.269158527
 -0.292308006
 -0.251467446
 -0.102839746
  0.149158737
  0.318945486
  0.315919909
  0.214868604
  0.0885914473
  0.053948384
  0.0656986136
  0.0249032469
 -0.00260872701
 -0.000199659584
 -0.00401285507
 -0.00478509079
  0.00117495339
  0.000707462634
 -0.00208973763
 -0.00217927625
 -0.000754805696
  0.000616897543
  0.00110023855
  0.000839905134
  0.000567513101
  0.000328578483
  6.37547063E-05
 -0.000239176737
 -0.000430449988
 -0.000489131985
 -0.00044833128
 -0.000240317851
  0.000125884355
  0.000563146987
  0.000810773769
  0.000706522825
  0.0003324546
 -0.000206666417
 -0.000122137207
  3.6366074E-05
  0.000248061447
  0.000198236659
 -0.000590818461
 -4.29821212E-05
 -0.000258710508
  0.000507503823
  0.000140622863
 -3.34659774E-05
  0.000217552647
  0.00129282105
  0.00120445046
  0.00286702694
 -0.000101047671
 -0.00351719544
  0.00707247653
 -0.0109093669
 -0.0223834757
  0.0131432586
 -0.025390234
 -0.106434722
 -0.12158269
 -0.177721762
 -0.277917018
 -0.3140785
 -0.287413484
 -0.144995368
  0.113903531
  0.327844206
  0.36168231
  0.270884411
  0.116258309
  0.0696539343
  0.0691687648
  0.0181180593
 -0.00306681323
  0.00115594999
 -0.00409755688
 -0.00464630453
  0.0015759623
  0.000382349887
 -0.002101031
 -0.00185115226
 -9.50770248E-05
  0.00130431462
  0.00116425388
  0.000451256693
  0.000287867561
  0.000345000751
  0.000216884054
 -8.72527887E-05
 -0.000326993182
 -0.000497333102
 -0.000532965054
 -0.000368879178
 -7.28985166E-06
  0.000446546089
  0.000755336346
  0.000708439525
  0.000352706807
 -0.000209948636
 -0.000164883163
  6.29435111E-05
  0.000287710612
  0.000257929125
 -0.000649000883
 -4.01423044E-05
 -0.000250763488
  0.000499800722
  9.31159758E-05
  1.23346639E-05
  0.000166064174
  0.00131784446
  0.00170950948
  0.00148072294
  0.00258374433
 -0.00498634636
  0.00505317501
 -0.00139780268
 -0.0297682534
  0.00729748866
 -0.00553170627
 -0.102706506
 -0.144264309
 -0.202213304
 -0.284053025
 -0.318273175
 -0.321635083
 -0.187253603
  0.0750416791
  0.32263315
  0.400254656
  0.327824405
  0.154189925
  0.0888413346
  0.0676163246
  0.01087379
 -0.00221949001
  0.00297578194
 -0.00334552071
 -0.00377259483
  0.00121554555
  0.00011145815
 -0.00211859287
 -0.00136961581
  0.00085522772
  0.00188514093
  0.00095212995
  5.26797146E-05
  0.000163692245
  0.00041412457
  0.000301567935
 -2.52820171E-05
 -0.000297135643
 -0.000541198002
 -0.000605750204
 -0.00048026434
 -0.000144718067
  0.000334351536
  0.000692655566
  0.000701433322
  0.000372381653
 -0.000193960303
 -0.000204824929
  9.57791826E-05
  0.000314548069
  0.000322394495
 -0.000696316202
 -3.14315104E-05
 -0.00024646093
  0.000480560541
  8.43623213E-05
 -1.48780406E-05
  0.00018035155
  0.00131107057
  0.00229086887
  0.000130260006
  0.00379861006
 -0.00357297082
  0.000296134066
  0.00764548566
 -0.0296925884
 -0.00724653591
  0.0129089965
 -0.0865203843
 -0.164607134
 -0.243946422
 -0.298624424
 -0.308467601
 -0.336226298
 -0.237978581
  0.0521032437
  0.317181707
  0.403870708
  0.348561876
  0.222522878
  0.129789375
  0.054001498
  0.00574698514
 -3.35544929E-05
  0.00544206742
 -0.0018746361
 -0.00216060774
  0.00029801038
  9.58982703E-05
 -0.00221520781
 -0.000596209276
  0.00198582762
  0.00208252557
  0.000505954358
 -0.000183903649
  0.000165752022
  0.000404823963
  0.000262944791
 -3.30521621E-05
 -0.000307618958
 -0.000575949634
 -0.000650017502
 -0.000557561663
 -0.000265448793
  0.000230178609
  0.000624216731
  0.000688213272
  0.000389900981
 -0.000162559408
 -0.000239174387
  0.000135042622
  0.000328309219
  0.000391044522
 -0.000729086089
 -2.44627461E-05
 -0.000230499107
  0.000433509114
  0.000115096766
 -8.48052879E-05
  0.000224958956
  0.0012359894
  0.00279822617
 -0.000317887792
  0.0022784769
  0.000903430743
 -0.00497689407
  0.0122174101
 -0.0213881192
 -0.0241171721
  0.0213050216
 -0.0583744438
 -0.174635425
 -0.298542483
 -0.342575191
 -0.300698829
 -0.318190752
 -0.280780613
  0.045326886
  0.326327278
  0.394770873
  0.3569749
  0.286168227
  0.164435302
  0.0349758016
  0.00136119048
  0.0036200505
  0.00716454639
 -0.00132331944
 -0.000152216615
  0.000282290492
 -0.000106245702
 -0.00225472625
  0.000558080538
  0.00298608098
  0.00174915701
 -1.3639692E-05
 -0.00022529598
  0.000187775714
  0.000300441537
  0.000156994233
 -5.23893884E-05
 -0.000311062355
 -0.000575593547
 -0.000667239191
 -0.000588346266
 -0.000350293694
  0.000127401944
  0.000567139545
  0.000661760533
  0.000407887471
 -0.00012432204
 -0.000266089901
  0.000173486773
  0.00033066178
  0.000457735801
 -0.000753689839
 -2.37342307E-05
 -0.000200885815
  0.000370151757
  0.000150694986
 -0.000132355636
  0.000221155212
  0.00120264458
  0.0025182009
  0.000863510515
 -0.000947998538
  0.00565815278
 -0.0072517892
  0.00980895269
 -0.0075151179
 -0.0362697423
  0.016777308
 -0.0255752625
 -0.170457643
 -0.34878007
 -0.437451537
 -0.333644411
 -0.267120347
 -0.269100439
  0.036350053
  0.354168832
  0.380322923
  0.358681987
  0.347455259
  0.180991372
  0.0225138027
 -0.00515171258
  0.009410489
  0.00704661499
 -0.00325638287
  0.00194440333
  0.00265214712
 -0.000830007566
 -0.00217006686
  0.00212413901
  0.0034525453
  0.000958832854
 -0.00042109836
 -0.000203082209
  0.000148499403
  0.000173280008
  6.36429998E-05
 -4.84030966E-05
 -0.00028339468
 -0.000545718572
 -0.000661938804
 -0.000572505946
 -0.000393332005
  2.99823941E-05
  0.000530117976
  0.000610484168
  0.000433127951
 -8.89702361E-05
 -0.00028199055
  0.000205809681
  0.00032363116
  0.000520001097
 -0.000775309911
 -2.58659164E-05
 -0.000171156891
  0.000321329111
  0.000139282142
 -7.52364612E-05
  5.4808878E-05
  0.00134578578
  0.00172056304
  0.00190817109
 -0.00178177023
  0.0055325942
 -0.00313981621
  0.00150015407
  0.00614248192
 -0.038866886
  0.0033333557
  0.000631963565
 -0.155577689
 -0.378698405
 -0.597138864
 -0.446431651
 -0.206439233
 -0.153426173
  0.0360784859
  0.377394483
  0.360146699
  0.393624855
  0.404852007
  0.170551598
  0.0204557404
 -0.0112999346
  0.0129015097
  0.00586001962
 -0.00902533363
  0.00439613707
  0.0072805697
 -0.00220680005
 -0.00187505109
  0.00391716
  0.00312018387
 -3.57128914E-05
 -0.000666457659
 -0.000209361723
  0.000125181791
  0.000133459999
  1.37846692E-05
 -2.71837781E-05
 -0.000234181118
 -0.000499360178
 -0.000630519575
 -0.000534542157
 -0.000384532025
 -4.63582184E-05
  0.000498489887
  0.000543621826
  0.0004631582
 -6.28443311E-05
 -0.000288459238
  0.000228585927
  0.000305319682
  0.000570826597
 -0.000796042402
 -2.2095675E-05
 -0.000161059996
  0.000313343405
  7.00177104E-05
  3.44294363E-05
 -7.67906468E-05
  0.0011970017
  0.00178468889
  0.00112377736
  8.62808103E-05
  0.00277415916
  0.00174709605
 -0.00505564032
  0.0139953939
 -0.0320398002
 -0.0114283197
  0.015983418
 -0.134137203
 -0.406392465
 -0.814986832
 -0.58989255
 -0.140260544
  0.0385109907
  0.0701640357
  0.372841929
  0.383406671
  0.472054742
  0.393660476
  0.137141614
  0.0233114435
 -0.0167254046
  0.0169648539
  0.00183488178
 -0.0144798984
  0.00630133243
  0.0131736515
 -0.00471844074
 -0.00090445501
  0.00539588417
  0.00203550685
 -0.00095198472
 -0.000788773887
 -0.000145439777
  0.000195016196
  0.000128562578
 -2.41550629E-05
 -4.08024366E-06
 -0.000177148851
 -0.000435897867
 -0.000578537345
 -0.000502859493
 -0.000309247007
 -0.000106428866
  0.000458617329
  0.000484786603
  0.000473234417
 -3.38421017E-05
 -0.000295976978
  0.000251541459
  0.000269143718
  0.000610919158
 -0.000808772495
 -8.17748222E-06
 -0.000164086712
  0.000302981393
  5.33133384E-05
 -3.79527342E-06
  3.35465737E-05
  0.000840120245
  0.0023887476
 -0.000929667407
  0.00327258626
 -0.00100387351
  0.00615032269
 -0.00881877158
  0.0147214811
 -0.0197935064
 -0.0201578938
  0.0232395084
 -0.103868901
 -0.489537672
 -0.995136446
 -0.678345555
 -0.0746623134
  0.238636994
  0.127517245
  0.388825168
  0.48883092
  0.483540259
  0.268827123
  0.11554553
  0.0227741868
 -0.024121777
  0.0257723389
 -0.00530554636
 -0.014897806
  0.00950169712
  0.0155492556
 -0.00766829326
  0.000986492948
  0.00586593324
  0.000573765876
 -0.00162721334
 -0.000689600558
  0.000116262575
  0.000212261992
  3.14874185E-05
 -5.60831158E-05
  3.57685163E-05
 -0.000108695979
 -0.000364704035
 -0.000520973557
 -0.000460967095
 -0.000201382685
 -0.000152016203
  0.000412499332
  0.000449313721
  0.000430897744
  3.26049709E-05
 -0.000327960035
  0.000295234682
  0.000212859931
  0.000648706166
 -0.000813008172
  9.47296814E-07
 -0.000137529878
  0.000225296087
  0.000136842282
 -0.000170326702
  0.0003057175
  0.000366644538
  0.00324412189
 -0.0028743677
  0.00478768465
 -0.00228358935
  0.00671000905
 -0.00524641212
  0.00594397544
 -0.00752414551
 -0.0218557024
  0.0225294057
 -0.0631910497
 -0.574188016
 -0.912793039
 -0.619768068
 -0.179547863
  0.256370207
  0.220447017
  0.40221632
  0.57843094
  0.44067577
  0.134985547
  0.0925895849
  0.00718066361
 -0.00844501141
  0.0265882537
 -0.0123248449
 -0.00491429594
  0.0127327616
  0.0100786297
 -0.0086561433
  0.00305787119
  0.00512783908
 -0.000938329697
 -0.00179786739
 -0.000197961184
  0.000361474852
  7.28052747E-06
 -0.000123563678
  4.70724554E-06
  0.000114199382
 -5.56514E-05
 -0.000307333034
 -0.000438726379
 -0.000394429681
 -0.000137859822
 -0.000143697665
  0.000348954141
  0.000438656445
  0.00033671781
  0.000141914554
 -0.000388024164
  0.00036539259
  0.000138882104
  0.000688892863
 -0.000807591433
 -9.68125448E-06
 -8.1151611E-05
  0.000125498588
  0.000217372107
 -0.000286697206
  0.000447142448
 -2.91698308E-07
  0.00339836281
 -0.00205850378
  0.000902719343
  0.00270231896
  0.000656188598
  0.00547469927
 -0.00490030945
 -0.00374170402
 -0.0196932574
  0.00733493615
 -0.0184664065
 -0.417116277
 -0.494218586
 -0.463485327
 -0.436026279
 -0.0946691266
  0.239196902
  0.387960337
  0.58888676
  0.356259372
  0.116058266
  0.0591743184
 -0.0136991367
  0.0272699864
  0.00819408549
 -0.0111331411
  0.0114315742
  0.0138440349
 -0.00092981239
 -0.00776945966
  0.00495542205
  0.00299992883
 -0.00197791244
 -0.00105228168
  0.000264252635
  0.000190739419
 -0.000139274802
 -0.000118727499
  0.0001581556
  0.000158296862
 -4.44054057E-05
 -0.000241860661
 -0.000311846532
 -0.000350992287
 -0.000124363642
 -3.72282386E-05
  0.00021698148
  0.000479774615
  0.000199136685
  0.000264558021
 -0.000458902199
  0.000428518764
  4.77673818E-05
  0.00071008347
 -0.000788076778
 -2.0965524E-05
 -4.589028E-05
  0.000101743975
  0.000116193614
 -8.16313058E-06
 -0.000199988175
  0.00135070777
 -0.0004396909
  0.00324761879
 -0.00559965115
  0.00971601663
 -0.00740843829
  0.0125282793
 -0.00490393522
 -0.00694365782
 -0.0176661122
 -0.00881780345
  4.81212693E-05
 -0.0390238124
 -0.0123305557
 -0.265066026
 -0.584232214
 -0.582666887
  0.0369385926
  0.353196947
  0.482154532
  0.329980703
  0.150800323
  0.0120986223
 -0.0165997463
  0.0534779288
 -0.0176598839
 -0.00173737603
  0.0294887367
  0.0146751223
 -0.0145280195
 -0.00533489833
  0.00604309854
  7.85218747E-05
 -0.00174817771
  8.2532019E-05
 -2.04791017E-05
 -3.89518762E-05
 -7.19451377E-05
 -5.0995769E-05
  0.000200683507
  0.000112229242
 -3.83382575E-05
 -0.00016188678
 -0.000227474027
 -0.000309301003
 -0.000128379621
  9.42916887E-05
  1.17870582E-05
  0.000587152774
 -1.48583558E-05
  0.000405533247
 -0.000540787238
  0.000472010202
 -5.5710395E-05
  0.000655846768
 -0.000670846252
 -2.51616985E-06
 -8.10511449E-05
  0.000175146415
 -4.93105485E-05
  0.000175516086
 -0.000383885918
  0.0014897841
 -0.00147238284
  0.00460351057
 -0.0075793295
  0.00986739584
 -0.00487109053
  0.00394024134
  0.00382188706
  0.000580286725
 -0.0223089214
 -0.0187929548
 -0.0257202483
  0.321202441
  0.464389631
 -0.0290628543
 -0.662256401
 -0.782060556
 -0.408654663
  0.25088642
  0.360702783
  0.302644873
  0.156069503
 -0.00480117729
 -0.00820712725
  0.0525650741
 -0.0368644959
  0.0139414667
  0.0410150708
  0.0190135205
 -0.0305112688
 -0.00129652821
  0.00517661169
 -0.00166125904
 -0.000674010066
  0.00015475758
 -0.000289153859
  0.000219189518
 -3.27210727E-05
 -5.74614278E-05
  0.000133383458
  9.19401748E-05
 -1.64780499E-05
 -0.000108173855
 -0.000231939442
 -0.00012793698
 -0.000229387015
  0.000229332167
 -0.000195505799
  0.000701265334
 -0.0002506573
  0.000539695836
 -0.000592581884
  0.00046110599
 -7.29303487E-05
  0.000484627867
 -0.000483313083
  6.42270396E-06
 -6.7934835E-05
  0.000123562969
  1.06250152E-07
  2.61448601E-05
 -0.00010398225
  0.000735016869
  0.000151284532
 -0.000297086132
  0.00252205331
 -0.00476766064
  0.00983702803
 -0.00538215995
 -0.00595415432
  0.025147022
 -0.0293990715
 -0.00407681572
 -0.0747075894
  0.230597091
  0.644702713
  0.158373719
 -0.598449965
 -0.565248304
 -0.433878787
 -0.087399156
  0.26833496
  0.245334404
  0.159400531
 -0.00102433362
  0.0106874362
  0.0244652651
 -0.0220236714
  0.00419043487
  0.0571789307
  0.0211759862
 -0.0404574701
 -0.00319104386
  0.0067383322
 -0.00345772863
  0.00043273614
 -0.000582542461
  0.000494683765
  0.000183065926
 -0.000214471036
 -0.00010050042
  8.26235943E-05
  0.000129368334
 -3.64346041E-05
 -2.77336312E-05
 -0.000218815172
 -6.00128014E-06
 -0.000277016834
  0.000309668896
 -0.000281940546
  0.000612422569
 -0.000259711216
  0.000443780093
 -0.000451058172
  0.000326227889
 -2.12168461E-05
  0.000290736661
 -0.000301481547
 -9.50885024E-07
 -2.93387696E-05
  5.14840499E-05
  4.06743234E-05
 -6.98694773E-05
  0.000127744109
 -0.000194350576
  0.00261607586
 -0.00611114662
  0.0111604441
 -0.0129118414
  0.0110857456
  0.00226792391
 -0.0202668113
  0.0332513866
 -0.0186360645
 -0.0145501339
 -0.0479794452
  0.0151729685
  0.425222917
  0.116200965
 -0.34404111
 -0.317362754
 -0.128396047
 -0.113116582
  0.0346958271
  0.17881796
  0.150047663
 -0.0136589131
  0.0259745327
 -0.00354888239
 -0.00346304392
 -0.00221506921
  0.0423003904
  0.0159789621
 -0.0256797842
 -0.00896943111
  0.00758815532
 -0.00283264338
 -0.00145579897
  0.0014842847
 -1.35240461E-05
 -0.000196696083
 -0.000122678885
  9.46369594E-06
  9.78186307E-05
  7.65110169E-05
 -2.18793298E-06
 -4.83106054E-05
 -4.02200911E-06
 -0.000262573631
  9.98269346E-05
 -9.40207009E-06
  4.42622283E-05
  0.000146168587
  2.8968195E-05
  8.51615585E-05
 -0.00011663967
  8.32659806E-05
  4.78771567E-05
  0.000146107666
 -0.000163726276
 -6.42147852E-06
  6.25538791E-06
 -8.93066725E-06
  4.09095946E-05
 -3.10414042E-05
 -2.47567914E-05
  5.29134342E-05
  0.00136778818
 -0.00358396673
  0.00610651885
 -0.00734937402
  0.00627906779
  0.000980263323
 -0.0115332855
  0.0150300938
 -0.00070575255
 -0.0119171826
 -0.0218029904
 -0.0104619775
  0.157168159
  0.0293904907
 -0.156968797
 -0.128193477
  0.140482212
  0.0918087551
 -0.121881331
 -0.00533070342
  0.0500816368
 -0.0323918943
  0.0174168008
 -0.00675692869
 -0.00396182047
  0.00415628365
  0.00708244354
  0.00312829561
 -0.00620956901
 -0.00167442557
  0.00203070399
 -0.000256155338
 -0.00165415551
  0.00135301675
 -3.68864012E-05
 -0.000318074001
 -4.64970752E-06
  5.17159504E-05
  6.13718875E-05
  2.32429057E-05
 -9.1153785E-06
 -7.20822011E-06
  2.95643506E-05
 -0.00018052919
  0.000124258465
 -6.77797197E-05
  7.53755656E-05
 -2.81471083E-05
  8.07981345E-05
 -4.73221931E-05
  1.84419328E-05
 -2.27750532E-05
  4.5289401E-05
  8.45496514E-06
 -2.25237379E-05
  6.81919427E-06
 -5.85917755E-06
  9.33089859E-06
 -4.05007443E-05
  3.14615296E-05
  2.51867546E-05
 -5.24707244E-05
 -0.00136736813
  0.00358447007
 -0.00610614805
  0.0073498652
 -0.00627877668
 -0.000980000463
  0.0115336319
 -0.0150302404
  0.000705595817
  0.0119165978
  0.0218023039
  0.0104621475
 -0.157165126
 -0.0293873889
  0.156971235
  0.128194381
 -0.140478061
 -0.0918033952
  0.121879112
  0.00532253756
 -0.0500811283
  0.0323949502
 -0.0174174422
  0.00675654733
  0.00396174925
 -0.0041561652
 -0.00708249878
 -0.00312814099
  0.00620995574
  0.00167477671
 -0.00203042463
  0.000256485201
  0.00165450649
 -0.00135268021
  3.72442404E-05
  0.00031844215
  5.02212465E-06
 -5.13398679E-05
 -6.09935254E-05
 -2.28619981E-05
  9.49873586E-06
  7.59404975E-06
 -2.91773951E-05
  0.000180919856
 -0.000123869507
  6.81716348E-05
 -7.49838053E-05
  2.85404061E-05
 -8.04040813E-05
  4.77181955E-05
 -1.80454944E-05
  2.3172485E-05
 -4.48913148E-05
 -8.05848548E-06
  2.29234208E-05
  1.34851943E-06
  2.97351756E-05
 -5.10840291E-05
 -4.02649196E-05
  7.02891114E-05
 -0.000127314684
  0.00019478535
 -0.00261561346
  0.00611156281
 -0.0111599957
  0.0129122358
 -0.0110854209
 -0.00226757528
  0.0202669762
 -0.0332513214
  0.0186360359
  0.0145495616
  0.047978727
 -0.0151732737
 -0.425219879
 -0.116196956
  0.344043925
  0.317367805
  0.128403589
  0.113121075
 -0.034698951
 -0.17882261
 -0.150048018
  0.0136528869
 -0.0259754205
  0.00354874749
  0.00346320512
  0.00221519674
 -0.0423003434
 -0.0159788095
  0.025680174
  0.00896975918
 -0.00758786641
  0.00283299294
  0.0014561269
 -0.00148392198
  1.38793029E-05
  0.000197059206
  0.000123051437
 -9.08667953E-06
 -9.74394779E-05
 -7.61301054E-05
  2.57161774E-06
  4.86960242E-05
  4.40999647E-06
  0.000262961719
 -9.94356458E-05
  9.79199142E-06
 -4.38683971E-05
 -0.000145777788
 -2.8572073E-05
 -8.47681013E-05
  0.000117038014
 -8.28702857E-05
 -4.74785034E-05
 -0.000145711731
  0.00016412704
 -6.02504962E-06
  6.83312219E-05
 -0.000123162885
  3.0342564E-07
 -2.57256805E-05
  0.000104412127
 -0.000734587713
 -0.000150822093
  0.000297486009
 -0.00252155486
  0.00476795545
 -0.00983661294
  0.00538240365
  0.00595426479
 -0.0251467265
  0.0293990664
  0.00407673304
  0.0747069916
 -0.230599182
 -0.644701347
 -0.158367023
  0.598453675
  0.56525366
  0.43388678
  0.087406479
 -0.268346227
 -0.245331943
 -0.159398445
  0.00101004362
 -0.0106871812
 -0.0244648764
  0.0220242228
 -0.00419021878
 -0.0571786172
 -0.0211756964
  0.0404577989
  0.00319129532
 -0.0067379734
  0.00345806612
 -0.000432390041
  0.000582897513
 -0.000494320323
 -0.00018270127
  0.000214843202
  0.000100877222
 -8.2244352E-05
 -0.000128986734
  3.68183722E-05
  2.81193808E-05
  0.000219203879
  6.38891388E-06
  0.000277409
 -0.000309278984
  0.000282334326
 -0.000612031027
  0.000260107116
 -0.000443386356
  0.000451456556
 -0.000325831898
  2.16156454E-05
 -0.000290341265
  0.000301882501
  2.91399609E-06
  8.14471469E-05
 -0.00017474532
  4.9719394E-05
 -0.000175096377
  0.000384313546
 -0.00148935618
  0.00147283306
 -0.00460310629
  0.00757978908
 -0.00986707625
  0.00487147708
 -0.00394005221
 -0.00382169517
 -0.000579982489
  0.0223089959
  0.0187931906
  0.0257195497
 -0.321205541
 -0.464391447
  0.0290656031
  0.662263404
  0.78206827
  0.40866366
 -0.250898836
 -0.3607089
 -0.302649851
 -0.156074494
  0.0048144199
  0.00820734321
 -0.0525643935
  0.0368651807
 -0.0139408848
 -0.0410145957
 -0.0190131235
  0.0305115303
  0.00129691091
 -0.00517625091
  0.00166159786
  0.00067437732
 -0.000154400215
  0.000289521971
 -0.000218819844
  3.30926192E-05
  5.78374339E-05
 -0.000133004665
 -9.15579144E-05
  1.68627271E-05
  0.000108560632
  0.00023232695
  0.000128327451
  0.000229776628
 -0.000228939452
  0.000195897007
 -0.000700871005
  0.000251050744
 -0.00053929977
  0.000592978779
 -0.000460709144
  7.3329121E-05
 -0.000484232527
  0.000483714202
  2.13632742E-05
  4.62865244E-05
 -0.000101342915
 -0.00011578468
  8.5843159E-06
  0.000200409167
 -0.00135027447
  0.00044009774
 -0.00324715443
  0.00560000452
 -0.00971562529
  0.00740871239
 -0.0125280253
  0.00490422546
  0.00694384185
  0.0176663353
  0.0088180128
 -4.79481315E-05
  0.0390245121
  0.0123300849
  0.265066921
  0.584236498
  0.582671157
 -0.0369459331
 -0.353208808
 -0.482150224
 -0.329969431
 -0.150803928
 -0.0120988495
  0.0166019715
 -0.0534768422
  0.0176604943
  0.00173814186
 -0.0294881064
 -0.0146746637
  0.0145283384
  0.00533533061
 -0.00604271328
 -7.81618342E-05
  0.00174855198
 -8.21563856E-05
  2.08466667E-05
  3.93272085E-05
  7.23221682E-05
  5.13747036E-05
 -0.000200302077
 -0.000111846093
  3.87236405E-05
  0.000162274396
  0.000227862758
  0.000309691734
  0.000128769832
 -9.38989188E-05
 -1.13955959E-05
 -0.00058675826
  1.52514836E-05
 -0.000405136602
  0.000541183125
 -0.000471612624
  5.61066769E-05
 -0.000655448714
  0.000671246579
  1.00788781E-05
  8.15482795E-05
 -0.000125098113
 -0.000216961302
  0.000287115887
 -0.000446722048
  7.18350609E-07
 -0.00339795437
  0.00205894063
 -0.000902377569
 -0.00270193572
 -0.000655956567
 -0.00547435703
  0.00490052736
  0.0037419249
  0.0196935601
 -0.0073347628
  0.0184676772
  0.417120048
  0.494220086
  0.463484907
  0.436025825
  0.0946695205
 -0.239195234
 -0.38796136
 -0.588893055
 -0.356257473
 -0.116055488
 -0.0591751101
  0.0136995084
 -0.0272688776
 -0.00819343868
  0.0111339082
 -0.0114308364
 -0.0138435082
  0.00093020477
  0.00776992394
 -0.00495499193
 -0.00299954911
  0.00197829698
  0.00105267005
 -0.000263873322
 -0.000190362852
  0.000139654451
  0.000119109302
 -0.000157771291
 -0.000157911538
  4.47915273E-05
  0.000242248451
  0.000312235928
  0.000351382189
  0.000124754827
  3.76212337E-05
 -0.000216589122
 -0.000479379661
 -0.000198742683
 -0.000264161322
  0.000459297978
 -0.00042812112
 -4.73708586E-05
 -0.000709684474
  0.000788476031
 -5.4956138E-07
  0.000137926545
 -0.000224895402
 -0.000136430702
  0.000170743395
 -0.00030529585
 -0.000366231441
 -0.00324370546
  0.002874763
 -0.00478733988
  0.00228394036
 -0.00670973389
  0.00524674901
 -0.00594379756
  0.0075245037
  0.0218560389
 -0.022528939
  0.0631927552
  0.574191065
  0.912795734
  0.619767326
  0.179545016
 -0.256371461
 -0.220447412
 -0.40221825
 -0.578429673
 -0.4406745
 -0.134984036
 -0.0925889936
 -0.007181087
  0.00844554943
 -0.0265876551
  0.0123255459
  0.00491505365
 -0.0127321595
 -0.0100781549
  0.00865663289
 -0.00305740504
 -0.00512742635
  0.000938725686
  0.00179826376
  0.000198353207
 -0.000361090506
 -6.89964239E-06
  0.00012394544
 -4.32223233E-06
 -0.000113812739
  5.60394864E-05
  0.000307722335
  0.000439117058
  0.000394821004
  0.000138251744
  0.000144090747
 -0.000348561458
 -0.000438262031
 -0.000336323516
 -0.000141517752
  0.000388420465
 -0.000364994662
 -0.000138485188
 -0.000688493518
  0.000807990594
  8.57534897E-06
  0.000164483178
 -0.000302579823
 -5.29020501E-05
  4.21181864E-06
 -3.31296808E-05
 -0.000839715526
 -0.00238833602
  0.000930036605
 -0.00327221618
  0.00100417454
 -0.00614999749
  0.00881904559
 -0.0147212164
  0.0197939527
  0.0201582961
 -0.0232388002
  0.103870504
  0.489539625
  0.995136903
  0.6783439
  0.0746603608
 -0.23863585
 -0.12751684
 -0.388825347
 -0.48883064
 -0.483539337
 -0.268826143
 -0.115544679
 -0.0227742933
  0.0241217362
 -0.0257719037
  0.00530611969
  0.0148985
 -0.009501068
 -0.015548705
  0.00766880241
 -0.000986001891
 -0.00586548766
 -0.000573352244
  0.00162761841
  0.000690001656
 -0.000115868802
 -0.000211875809
 -3.1102576E-05
  5.64700146E-05
 -3.53797102E-05
  0.000109086042
  0.000365095121
  0.000521365241
  0.000461359422
  0.000201775839
  0.000152409313
 -0.000412105865
 -0.000448919416
 -0.000430502975
 -3.22082339E-05
  0.000328356615
 -0.000294836894
 -0.00021246272
 -0.000648306841
  0.000813407227
  2.24935618E-05
  0.000161456519
 -0.000312941318
 -6.9606598E-05
 -3.40125992E-05
  7.72012882E-05
 -0.00119660574
 -0.00178428239
 -0.00112342384
 -8.59085441E-05
 -0.00277387118
 -0.00174674949
  0.00505590459
 -0.0139950231
  0.0320402794
  0.0114287549
 -0.0159825468
  0.134138606
  0.406393805
  0.814986411
  0.589890445
  0.14025969
 -0.0385094846
 -0.0701636053
 -0.372842389
 -0.383406424
 -0.472053431
 -0.39365908
 -0.137140765
 -0.023311383
  0.016725261
 -0.0169645961
 -0.00183444642
  0.0144804675
 -0.00630072373
 -0.0131730388
  0.00471895504
  0.000904963742
 -0.00539541041
 -0.00203507434
  0.000952402358
  0.000789183603
  0.000145840831
 -0.000194622654
 -0.000128172646
  2.45450096E-05
  4.47144744E-06
  0.000177540911
  0.000436290404
  0.000578930171
  0.00050325264
  0.000309641163
  0.000106822288
 -0.000458223151
 -0.000484392012
 -0.00047283888
  3.42385278E-05
  0.000296373882
 -0.000251143851
 -0.000268746171
 -0.000610519767
  0.000809171492
  2.62637519E-05
  0.000171553742
 -0.000320926937
 -0.000138870254
  7.56513779E-05
 -5.44035207E-05
 -0.00134539249
 -0.00172018364
 -0.00190780591
  0.00178212318
 -0.00553228908
  0.00314016193
 -0.00149986001
 -0.00614202055
  0.0388673558
 -0.00333286881
 -0.000630998828
  0.155578917
  0.378699419
  0.597138275
  0.446430091
  0.206438837
  0.153427245
 -0.0360785675
 -0.377394507
 -0.360146271
 -0.393623872
 -0.404850444
 -0.17055078
 -0.0204555746
  0.0112998698
 -0.0129013546
 -0.00585965177
  0.00902579427
 -0.0043955595
 -0.0072799704
  0.00220731637
  0.00187556704
 -0.0039166673
 -0.00311973272
  3.61434947E-05
  0.00066687698
  0.000209770389
 -0.000124781869
 -0.000133064969
 -1.33908213E-05
  2.75781109E-05
  0.000234575609
  0.000499754575
  0.000630914067
  0.000534936544
  0.00038492694
  4.67524005E-05
 -0.000498095089
 -0.000543226913
 -0.000462762114
  6.32408816E-05
  0.00028885629
 -0.000228188224
 -0.000304921872
 -0.000570427061
  0.000796441327
  2.41321259E-05
  0.00020128277
 -0.000369749306
 -0.000150282297
  0.000132767967
 -0.000220754155
 -0.00120225547
 -0.00251783701
 -0.000863137708
  0.000948317322
 -0.00565781198
  0.00725214236
 -0.00980861548
  0.00751563386
  0.0362702049
 -0.0167767575
  0.0255762808
  0.170458708
  0.348780679
  0.437451094
  0.333643649
  0.267120401
  0.2691006
 -0.0363503071
 -0.35416878
 -0.38032239
 -0.358680748
 -0.347453944
 -0.180990693
 -0.0225135618
  0.00515176011
 -0.00941032114
 -0.00704633194
  0.00325681676
 -0.0019438777
 -0.00265161171
  0.000830522167
  0.00217057565
 -0.00212363707
 -0.0034520765
 -0.000958391753
  0.000421527428
  0.000203499774
 -0.00014809281
 -0.00017287988
 -6.32445761E-05
  4.88009438E-05
  0.00028379183
  0.000546115224
  0.000662334892
  0.000572902042
  0.000393727431
 -2.95873083E-05
 -0.000529722498
 -0.000610088579
 -0.000432731596
  8.93671168E-05
  0.00028238761
 -0.000205411781
 -0.000323233213
 -0.000519601429
  0.000775708838
  2.48607188E-05
  0.000230896179
 -0.000433106171
 -0.000114684099
  8.52156698E-05
 -0.000224561656
 -0.00123560796
 -0.00279786938
  0.00031825464
 -0.00227816214
 -0.000903058593
  0.00497722662
 -0.0122169947
  0.0213886712
  0.0241175996
 -0.0213043675
  0.0583754451
  0.174636251
  0.298542842
  0.34257497
  0.300698696
  0.318190845
  0.280780196
 -0.0453273366
 -0.326327372
 -0.394770232
 -0.356973384
 -0.286166951
 -0.164434712
 -0.0349754257
 -0.00136100023
 -0.00361988242
 -0.00716429701
  0.00132369599
  0.000152689406
 -0.000281809205
  0.000106740598
  0.00225522433
 -0.000557581012
 -0.00298560108
 -0.00174870522
  1.40756264E-05
  0.000225721472
 -0.000187361427
 -0.000300035167
 -0.000156591298
  5.27908114E-05
  0.000311462372
  0.000575992535
  0.000667637214
  0.0005887437
  0.000350690184
 -0.000127005888
 -0.000566743371
 -0.000661364246
 -0.00040749075
  0.000124719237
  0.000266487025
 -0.000173088763
 -0.000330263593
 -0.000457336143
  0.000754088724
  3.18295712E-05
  0.000246858076
 -0.000480156957
 -8.39499957E-05
  1.52866506E-05
 -0.000179958753
 -0.00131069595
 -0.00229050825
 -0.000129916482
 -0.00379827146
  0.00357334141
 -0.000295785158
 -0.00764499292
  0.0296931045
  0.00724697376
 -0.0129082436
  0.0865212701
  0.164607769
  0.243946662
  0.298624491
  0.30846767
  0.336226172
  0.237978018
 -0.0521037185
 -0.317181834
 -0.403870094
 -0.348561137
 -0.222521722
 -0.129787944
 -0.0540008707
 -0.00574669258
  3.37630118E-05
 -0.0054418266
  0.00187496761
  0.00216102598
 -0.000297572042
 -9.54330181E-05
  0.00221569062
  0.000596699634
 -0.00198534522
 -0.0020820653
 -0.000505512311
  0.000184334877
 -0.000165330937
 -0.000404411176
 -0.00026253686
  3.34574334E-05
  0.000308022049
  0.000576350989
  0.000650417551
  0.000557960505
  0.000265846522
 -0.000229781494
 -0.000623819751
 -0.000687816246
 -0.000389503823
  0.000162956814
  0.000239571649
 -0.0001346445
 -0.000327910809
 -0.000390644839
  0.000729484923
  4.05404279E-05
  0.000251160776
 -0.000499396536
 -9.27041816E-05
 -1.19278147E-05
 -0.000165676468
 -0.00131747425
 -0.00170914717
 -0.00148039438
 -0.00258338064
  0.0049867102
 -0.00505278617
  0.00139833391
  0.0297687272
 -0.00729698151
  0.00553247339
  0.102707265
  0.144264798
  0.202213569
  0.2840532
  0.318273235
  0.321634879
  0.187253081
 -0.0750421408
 -0.322633151
 -0.400254074
 -0.327823352
 -0.154188778
 -0.0888403088
 -0.067615614
 -0.0108734228
  0.00221974814
 -0.00297553766
  0.00334581871
  0.00377296482
 -0.00121514009
 -0.000111023741
  0.00211905562
  0.00137009367
 -0.000854750171
 -0.00188467646
 -0.00095168299
 -5.22449506E-05
 -0.000163266099
 -0.000413705721
 -0.00030115469
  2.5691443E-05
  0.000297542117
  0.000541601911
  0.000606152233
  0.000480664712
  0.000145117134
 -0.000333953259
 -0.000692257729
 -0.000701035627
 -0.000371983999
  0.000194357981
  0.000205222367
 -9.53809877E-05
 -0.000314149448
 -0.000321994789
  0.000696714972
  4.33802753E-05
  0.00025910806
 -0.000507099188
 -0.000140211517
  3.38707788E-05
 -0.000217170275
 -0.00129245395
 -0.00120408548
 -0.00286670137
  0.00010141835
  0.003517569
 -0.00707204697
  0.0109098945
  0.0223839369
 -0.0131426891
  0.0253909682
  0.106435355
  0.121583123
  0.177722085
  0.277917187
  0.314078445
  0.287413218
  0.14499497
 -0.113903839
 -0.327844033
 -0.361681571
 -0.270883441
 -0.116257322
 -0.0696530244
 -0.0691680628
 -0.0181176288
  0.00306711831
 -0.00115568581
  0.00409783775
  0.00464664115
 -0.00157558488
 -0.000381943175
  0.00210147144
  0.00185161453
  9.55453565E-05
 -0.00130385104
 -0.00116380382
 -0.000450819398
 -0.000287438249
 -0.000344577366
 -0.000216465988
  8.76663996E-05
  0.000327403157
  0.000497739681
  0.000533369143
  0.000369281243
  7.69039745E-06
 -0.000446146644
 -0.000754937466
 -0.000708041067
 -0.000352308624
  0.000210346498
  0.000165280781
 -6.25451985E-05
 -0.000287311755
 -0.0002575294
  0.000649399629
  3.85420337E-05
  0.000281933008
 -0.000528330314
 -0.000192801246
  0.000124410788
 -0.000338539052
 -0.0012027671
 -0.000933836351
 -0.00358914244
  0.00273822063
  0.00048147322
 -0.00576661949
  0.0170596151
  0.0123381846
 -0.0101234408
  0.0397920271
  0.102220777
  0.102961076
  0.166371638
  0.269158652
  0.292307879
  0.251467255
  0.102839453
 -0.149158894
 -0.318945253
 -0.315919261
 -0.214867646
 -0.0885904981
 -0.0539475337
 -0.0656979344
 -0.0249027806
  0.00260907495
  0.000199949501
  0.00401313589
  0.00478540554
 -0.00117459879
 -0.000707078297
  0.00209015652
  0.00217972137
  0.000755262431
 -0.000616439505
 -0.00109978821
 -0.000839465602
 -0.000567081771
 -0.000328152299
 -6.33331249E-05
  0.000239593974
  0.000430863216
  0.000489541401
  0.000448737515
  0.00024072167
 -0.00012548225
 -0.000562746259
 -0.00081037387
 -0.000706123516
 -0.000332055895
  0.000207064504
  0.000122535027
 -3.59676156E-05
 -0.000247662382
 -0.00019783689
  0.000591217206
  2.99291467E-05
  0.000318078201
 -0.000574638406
 -0.000214059088
  0.000191139232
 -0.000469177537
 -0.000964209197
 -0.0013134145
 -0.00286095959
  0.00398446854
 -0.00260526641
 -0.00182344984
  0.0181033952
  0.00462903949
 -0.00247416743
  0.0474854963
  0.0943328214
  0.0905399761
  0.162426832
  0.253828261
  0.260495622
  0.217689039
  0.06184374
 -0.175615213
 -0.313271254
 -0.285363864
 -0.16115506
 -0.0502492841
 -0.0335547864
 -0.0608972063
 -0.0298469549
  0.00130359938
  0.00146890714
  0.00384091443
  0.00437389669
 -0.000685230374
 -0.000709617337
  0.00201627461
  0.00241083356
  0.00118651152
 -6.06264506E-05
 -0.000846876795
 -0.00104576398
 -0.000896340838
 -0.000446164701
  5.0352481E-05
  0.000422663048
  0.000592531917
  0.000540304834
  0.000385652161
  0.000115864323
 -0.000244518116
 -0.000661225313
 -0.000860614331
 -0.000691976878
 -0.000312172413
  0.000185149608
  7.74903518E-05
 -1.07070183E-05
 -0.000199035555
 -0.000139013596
  0.000524850139
  2.2383483E-05
  0.00035848726
 -0.000638487253
 -0.000195413945
  0.000187831387
 -0.000497264254
 -0.000755373821
 -0.00196493216
 -0.00112485023
  0.00334587643
 -0.00421375448
  0.00270354267
  0.0156882267
  0.000508051176
  0.00564866596
  0.0509793242
  0.0849944285
  0.0837109812
  0.161089231
  0.233969803
  0.227863813
  0.183019888
  0.0236286949
 -0.201707334
 -0.311326859
 -0.267801501
 -0.112814514
  0.00199154998
 -0.0072391072
 -0.0569947493
 -0.0325911888
 -0.000606446558
  0.00281260697
  0.00393813827
  0.00360823095
 -0.00058284619
 -0.000309099893
  0.00194254078
  0.00252982364
  0.00148524676
  0.000288276345
 -0.000548555681
 -0.0010168945
 -0.00111068927
 -0.000650325478
  4.54764447E-05
  0.000547608769
  0.000743339594
  0.000623242062
  0.000362613228
  1.92511889E-05
 -0.000344691448
 -0.000722976711
 -0.000892215678
 -0.000667122908
 -0.000291592196
  0.000147672098
  2.88353995E-05
  1.7143842E-05
 -0.000144640483
 -8.05326184E-05
  0.000451866647
  1.94116798E-05
  0.000392422781
 -0.000698996987
 -0.000167318852
  0.000150635159
 -0.000428933551
 -0.000695913975
 -0.00231774095
  0.000663682364
  0.00147431512
 -0.00407994719
  0.00616544562
  0.0120685679
 -0.000835277894
  0.0125466537
  0.0520449216
  0.0760032487
  0.0804608361
  0.160104904
  0.211667388
  0.195797668
  0.151106757
 -0.0123221983
 -0.236879887
 -0.30384062
 -0.235510945
 -0.0703534749
  0.0482216396
  0.0153474132
 -0.0534332402
 -0.0342243824
 -0.00276461446
  0.00389361715
  0.00410700109
  0.00258759868
 -0.000829175376
  0.000294661702
  0.0019714291
  0.00253663692
  0.00170420018
  0.00049281154
 -0.000310433208
 -0.000825697995
 -0.00110790417
 -0.000805510247
 -5.99924082E-05
  0.000552537679
  0.000803261659
  0.000674018129
  0.000359291456
 -3.84987657E-05
 -0.000421987277
 -0.000745829512
 -0.000884511972
 -0.000630619476
 -0.000269812699
  9.97762271E-05
 -2.47826727E-05
  4.75447589E-05
 -8.46567088E-05
 -2.71072713E-05
  0.000373995666
  2.16338541E-05
  0.000413923994
 -0.000742305068
 -0.000151162962
  0.000113352049
 -0.000329220379
 -0.000717198635
 -0.00205741608
  0.00163594937
 -0.000574807152
 -0.00294554725
  0.00820329698
  0.00875891247
 -0.000970566092
  0.0184179615
  0.0513153565
  0.0686639798
  0.0788869331
  0.158453699
  0.188731859
  0.16458309
  0.124241203
 -0.0450239493
 -0.289353471
 -0.304122004
 -0.181570743
 -0.0158843975
  0.0864149658
  0.0288478817
 -0.0495196071
 -0.0355536321
 -0.00465339279
  0.0042489391
  0.00419612238
  0.00135709089
 -0.00117255258
  0.000849538021
  0.00217002494
  0.00246137064
  0.00186922871
  0.000659738243
 -0.000166320543
 -0.000596263048
 -0.000905775594
 -0.000802184984
 -0.000168571774
  0.000445501939
  0.000731113342
  0.000630463897
  0.000321261057
 -7.61434332E-05
 -0.000473840825
 -0.000741252014
 -0.000826428685
 -0.000574748901
 -0.000248081652
  4.65621517E-05
 -8.1054339E-05
  7.88408458E-05
 -1.84886516E-05
  1.74554645E-05
  0.000293466494
  2.68037844E-05
  0.000423857351
 -0.00076324252
 -0.000162374527
  0.000104196229
 -0.000237075177
 -0.000720564285
 -0.00137453503
  0.00166315976
 -0.00195691603
 -0.00193836385
  0.00949457139
  0.00556025894
  0.000416561382
  0.0220476648
  0.0507203988
  0.0623160266
  0.0784274766
  0.155240326
  0.166420187
  0.136511019
  0.100766473
 -0.0814078089
 -0.352704944
 -0.318636599
 -0.11397705
  0.0595497835
  0.122239085
  0.0328957428
 -0.0464087694
 -0.035754524
 -0.00684157112
  0.00432960852
  0.0039725265
  0.000254069071
 -0.00175929912
  0.00135524105
  0.00247495771
  0.00236835074
  0.002009472
  0.000845523336
 -8.2396048E-05
 -0.000421170947
 -0.000610540101
 -0.000613935381
 -0.000179072006
  0.0003066759
  0.000544087089
  0.000465641988
  0.000197421219
 -0.000137614585
 -0.00051044883
 -0.000723118777
 -0.000727337468
 -0.000488998819
 -0.000227542618
 -8.24889488E-06
 -0.000134914874
  0.000110861873
  5.18250501E-05
  5.32686486E-05
  0.000212156637
  3.21610499E-05
  0.000426141455
 -0.000764062128
 -0.000206871957
  0.000144070607
 -0.00018100868
 -0.000636713554
 -0.00068537658
  0.00140511818
 -0.00315192324
 -0.000566357372
  0.00931951563
  0.00362219573
  0.00209584145
  0.0241309979
  0.0501531365
  0.0572212942
  0.0784055771
  0.150119272
  0.146584071
  0.110878911
  0.0826443033
 -0.123174967
 -0.377052009
 -0.300609137
 -0.0697615031
  0.11678112
  0.144984949
  0.021413259
 -0.0443769633
 -0.0351071938
 -0.00928956377
  0.00364370048
  0.0036551876
 -0.000798607476
 -0.00253330086
  0.00178740266
  0.00280854515
  0.00233159717
  0.00213422797
  0.00106009767
 -9.0296866E-06
 -0.000327513774
 -0.000331841661
 -0.000288604844
 -3.21565457E-05
  0.000223126548
  0.000308988546
  0.000204469249
 -2.98657622E-05
 -0.000267703252
 -0.000556727739
 -0.000702490381
 -0.000610809614
 -0.000371530075
 -0.000205485579
 -6.54667133E-05
 -0.000179410683
  0.000142540434
  0.000122445585
  7.95239071E-05
  0.000132350612
  3.48626349E-05
  0.00042625717
 -0.000752424182
 -0.000277175596
  0.000230402943
 -0.00016179165
 -0.00046598583
 -5.54845648E-05
  0.000854087851
 -0.00385531727
  0.00065359604
  0.00831457571
  0.00254113335
  0.00391395385
  0.0252481974
  0.0491020599
  0.0537852457
  0.0779996494
  0.143563636
  0.128896125
  0.0888328744
  0.0696406841
 -0.136106229
 -0.305691356
 -0.218911467
 -0.0598904258
  0.100137457
  0.10832926
 -0.00683809572
 -0.0428701326
 -0.0353797779
 -0.0120782177
  0.00177605938
  0.00261355808
 -0.00187643188
 -0.00302399669
  0.00198970798
  0.00313063202
  0.00240889997
  0.00222993865
  0.00126790982
  0.000103649284
 -0.000294653358
 -0.000116067574
  9.28393656E-05
  0.000249745402
  0.000254166739
  0.000108250609
 -9.28993857E-05
 -0.00033314633
 -0.0004872711
 -0.000641251794
 -0.000691368595
 -0.000498745473
 -0.000239509954
 -0.000175471594
 -0.000129107999
 -0.000208383204
  0.000169644815
  0.000191534621
  8.82282079E-05
  6.07346404E-05
  3.35406186E-05
  0.000427989009
 -0.000735923864
 -0.0003615298
  0.000350297
 -0.000170087073
 -0.000223530516
  0.000427329223
  0.000142779147
 -0.00397609216
  0.00140218581
  0.00700725037
  0.00198293235
  0.00568974687
  0.0259235972
  0.0474663292
  0.0515239165
  0.0773434059
  0.135660589
  0.113147494
  0.0724840381
  0.0579201482
 -0.0694037921
 -0.142002041
 -0.11438836
 -0.0655178836
 -0.00725288809
 -0.00501160193
 -0.0375960042
 -0.0438007786
 -0.0364449657
 -0.0153814187
 -0.00101144342
  0.000327749276
 -0.0029337483
 -0.00281849573
  0.00185699248
  0.00339730724
  0.00263972052
  0.00227282652
  0.00142755644
  0.000270219628
 -0.000258916301
  3.19796929E-05
  0.000444894095
  0.000586516813
  0.000400291244
  1.9198124E-06
 -0.000359058652
 -0.000653705633
 -0.00077867463
 -0.000783689489
 -0.000702519535
 -0.000405907322
 -0.000121580037
 -0.000136445738
 -0.000199245533
 -0.000219921349
  0.000191501446
  0.000259299868
  7.27872587E-05
  6.24067499E-06
  2.80495781E-05
  0.00043273776
 -0.000718394547
 -0.000452450597
  0.000493409566
 -0.000194209871
  6.47428768E-05
  0.000714264541
 -0.000572317284
 -0.00367633897
  0.00171323845
  0.00564985023
  0.00171219822
  0.00740037454
  0.0264671359
  0.0452308093
  0.04992723
  0.0767578817
  0.126257244
  0.100039006
  0.059774453
  0.0505481129
  0.0353548431
  0.0348591497
 -0.00132547725
 -0.0756290474
 -0.146536152
 -0.147164117
 -0.0658290657
 -0.0460806519
 -0.0374427871
 -0.0187700811
 -0.00418012099
 -0.0025745279
 -0.00386080868
 -0.00212278275
  0.00146711555
  0.00353611109
  0.00301782991
  0.0022664466
  0.00150380938
  0.00046988271
 -0.000150113486
  0.000145915306
  0.000705459497
  0.000886909529
  0.000603275554
  4.57327925E-06
 -0.000540259189
 -0.000927243885
 -0.00108578246
 -0.000981251738
 -0.000741951136
 -0.000342170966
 -4.26537974E-05
 -9.96343671E-05
 -0.000265973008
 -0.000218351843
  0.000215914801
  0.000324013045
  4.18443454E-05
 -3.43742141E-05
  1.87968632E-05
  0.000441671071
 -0.000704269898
 -0.000539834695
  0.000644131052
 -0.00022332691
  0.000389307819
  0.000784038443
 -0.00119406563
 -0.00316715893
  0.00174946347
  0.00438616532
  0.00155457019
  0.00908909873
  0.0268618121
  0.0426292737
  0.0486733329
  0.0760269478
  0.116281657
  0.0882825679
  0.0492721309
  0.0397799718
  0.125368944
  0.202658485
  0.0942052655
 -0.0875144029
 -0.262649775
 -0.268937684
 -0.0990394865
 -0.0467638733
 -0.0377280773
 -0.0217726357
 -0.00717707587
 -0.00526670978
 -0.00450734102
 -0.0014155674
  0.000905273224
  0.00353847506
  0.00343894427
  0.00225489119
  0.00147813534
  0.000672802184
  6.02607207E-05
  0.000288580234
  0.000867795586
  0.00108084675
  0.000787237409
  8.34680939E-05
 -0.000618383999
 -0.00110581629
 -0.00134073477
 -0.00119872787
 -0.000809587205
 -0.000309955554
 -1.78604014E-05
 -8.19073671E-05
 -0.000320826448
 -0.000208415245
  0.00024978839
  0.000383137511
  7.62250182E-06
 -6.90485576E-05
  7.40613847E-06
  0.000454070948
 -0.000696035969
 -0.00061400679
  0.0007810275
 -0.000228529988
  0.000723300659
  0.000663654962
 -0.00169593287
 -0.00260763519
  0.00167056749
  0.00326742085
  0.00153710399
  0.0106824346
  0.0270022933
  0.0399613546
  0.0475867326
  0.0746460686
  0.106953452
  0.0767025681
  0.0397995756
  0.0297729322
  0.122253739
  0.264604293
  0.155409435
 -0.0767326575
 -0.278211825
 -0.304146711
 -0.132141809
 -0.0421386876
 -0.0372644333
 -0.0234248775
 -0.0094574793
 -0.00675913453
 -0.00470889416
 -0.00122083508
  0.000309372869
  0.00340580822
  0.00378900282
  0.00227413897
  0.00136610919
  0.000846635359
  0.000368358043
  0.000493774325
  0.000959709765
  0.00114281077
  0.000883902407
  0.000177516765
 -0.000610744238
 -0.00117426404
 -0.00148840337
 -0.001380986
 -0.000891903532
 -0.000310476891
 -4.74232522E-05
 -0.000101748933
 -0.000360464425
 -0.000192338352
  0.000299258683
  0.000432878481
 -1.36076553E-05
 -0.000106563154
 -4.06208465E-06
  0.000467750235
 -0.000693400342
 -0.000669489306
  0.000886724514
 -0.000179287255
  0.00101286607
  0.000415950954
 -0.00207984068
 -0.0020671029
  0.00153064781
  0.00234503576
  0.00170402737
  0.0121008183
  0.026750034
  0.0376217881
  0.0462580323
  0.0727047564
  0.0984772782
  0.0656184923
  0.0307064706
  0.0257615922
  0.0815892042
  0.202925348
  0.140997423
 -0.0483718198
 -0.213087276
 -0.253760684
 -0.137201425
 -0.0366230519
 -0.0354624921
 -0.023373719
 -0.0107459943
 -0.00671560292
 -0.00447297946
 -0.00158458251
 -0.000273647782
  0.00316739923
  0.00398206337
  0.00232307905
  0.00122401525
  0.000961707214
  0.000739797602
  0.000768800861
  0.00102130614
  0.00109412645
  0.000855056582
  0.000224340251
 -0.000558970322
 -0.00114976558
 -0.00150709593
 -0.00147312925
 -0.000961190568
 -0.00034344857
 -0.000122292673
 -0.000171984501
 -0.000391496358
 -0.000169134346
  0.000361713164
  0.000471196934
 -1.89993595E-05
 -0.000141430123
 -1.37617238E-05
  0.000480298933
 -0.000695390778
 -0.000702246785
  0.000947360924
 -4.98902304E-05
  0.00118914034
  0.000120083984
 -0.00233127018
 -0.00162930173
  0.00138477044
  0.00160331878
  0.002207336
  0.0130533656
  0.0263812052
  0.0355263071
  0.044480381
  0.0706662122
  0.0903201144
  0.0556762918
  0.0234922612
  0.025967148
  0.0547907192
  0.109153065
  0.0693395325
 -0.0455479866
 -0.136876007
 -0.164596341
 -0.103995066
 -0.0347504877
 -0.0315784497
 -0.0222540263
 -0.0109199634
 -0.00551038423
 -0.0038867626
 -0.00233586278
 -0.000772402289
  0.00281265061
  0.0039760292
  0.0023866201
  0.00110560925
  0.00101786136
  0.00111440859
  0.00109938397
  0.00109357127
  0.000985604096
  0.000712620569
  0.00018207424
 -0.000511146145
 -0.00106854421
 -0.00141100286
 -0.00144058453
 -0.000983884595
 -0.000400081275
 -0.00023031317
 -0.000292090085
 -0.000426691954
 -0.000137829072
  0.000428791081
  0.000496646161
 -1.29592588E-05
 -0.000165355594
 -2.00765002E-05
  0.000488617393
 -0.000697696431
 -0.000716881863
  0.000970589846
  0.000141488126
  0.00126697868
 -0.000240055069
 -0.00241322687
 -0.0013391245
  0.00125222972
  0.0010350597
  0.00299250042
  0.0135498315
  0.0260242018
  0.033418778
  0.0424883088
  0.0685524546
  0.0822802165
  0.0472054347
  0.0175955292
  0.0263505951
  0.0436154434
  0.0392366617
 -0.0150098137
 -0.0677731831
 -0.0812810817
 -0.0726734131
 -0.0581724942
 -0.0331867155
 -0.0269902816
 -0.0210486003
 -0.0101789072
 -0.00401992168
 -0.00305489627
 -0.00317967873
 -0.00116465393
  0.00234204972
  0.00376287664
  0.00244305141
  0.00104723795
  0.00103465038
  0.00143537145
  0.00145429774
  0.00121207838
  0.000880761851
  0.000493781898
  4.47500878E-05
 -0.000502716759
 -0.000969498637
 -0.00123832307
 -0.00128090607
 -0.000931112613
 -0.000462970251
 -0.000359114539
 -0.000449124465
 -0.000477090653
 -0.000100984397
  0.000490739869
  0.000507638299
 -4.76411803E-07
 -0.000175898304
 -2.18846085E-05
  0.000489862873
 -0.000695338198
 -0.000720506932
  0.000968446356
  0.000376053954
  0.0012391222
 -0.000633468636
 -0.00233111484
 -0.00115402547
  0.00102848353
  0.000785979075
  0.00372059309
  0.0138496867
  0.0256594256
  0.0311551473
  0.0404890338
  0.0663133025
  0.0744493828
  0.0396737706
  0.0130456588
  0.0261938441
  0.0337524464
 -0.0186125104
 -0.0953914278
 -0.088198456
 -0.0298294173
  0.00859281874
 -0.0169298672
 -0.0312298318
 -0.0229562926
 -0.0196922297
 -0.00943213312
 -0.0026725845
 -0.00232013336
 -0.00367667963
 -0.00146772566
  0.00176454022
  0.00336589325
  0.002468611
  0.0010705187
  0.00103930149
  0.00166901325
  0.00178765116
  0.00137943067
  0.00081807537
  0.000256772721
 -0.000163482602
 -0.000548254476
 -0.000881757617
 -0.00103376129
 -0.00102331865
 -0.000791713959
 -0.000510046794
 -0.00049753557
 -0.000623596526
 -0.000546566307
 -6.39912339E-05
  0.000539101824
  0.000503762471
  1.51983553E-05
 -0.000173540928
 -1.88852741E-05
  0.000482465806
 -0.00068561583
 -0.000718175594
  0.00095527316
  0.000612094941
  0.00114619571
 -0.00103818883
 -0.00213580409
 -0.00099502596
  0.00068249216
  0.000822991879
  0.00423472443
  0.0140912129
  0.025228103
  0.0287671721
  0.0384961264
  0.0640708687
  0.0667741888
  0.0327793934
  0.0101265788
  0.0244460423
  0.0187084909
 -0.0701811049
 -0.128795134
 -0.0781210241
  0.0151971307
  0.0463984946
 -0.000483551874
 -0.0276805091
 -0.0202852729
 -0.018432259
 -0.00923959272
 -0.00205274118
 -0.00178037057
 -0.00359959111
 -0.00166667747
  0.0010983123
  0.0028263987
  0.00244417352
  0.0011784047
  0.00106171563
  0.00180619737
  0.00206016001
  0.0015749461
  0.000809672346
  5.43047926E-05
 -0.000398369102
 -0.000640800426
 -0.000819353392
 -0.000833622181
 -0.000716566783
 -0.000577754732
 -0.000522295285
 -0.000633687769
 -0.000795167911
 -0.000631006567
 -3.4107016E-05
  0.000566166856
  0.000485767826
  2.89329148E-05
 -0.000157786026
 -1.10152508E-05
  0.000465061452
 -0.000666401657
 -0.000712051049
  0.000935436321
  0.000829535838
  0.001004489
 -0.00142156081
 -0.00186909555
 -0.00078271601
  0.000157691739
  0.00109557748
  0.00454440334
  0.0143600777
  0.0245620593
  0.0262087934
  0.0368770896
  0.0614189684
  0.0595169167
  0.0265208541
  0.00793167433
  0.0208555816
  0.00301255174
 -0.0848655162
 -0.108098597
 -0.0531117736
  0.0224646327
  0.0453434839
 -0.0053712582
 -0.0234148539
 -0.018974585
 -0.0172136527
 -0.00972537651
 -0.00219007578
 -0.00151200199
 -0.00294936581
 -0.00172753428
  0.000387246025
  0.00218449365
  0.00236033933
  0.00135923402
  0.00113140659
  0.00186060019
  0.00223701918
  0.00175006705
  0.000842201819
 -8.23390117E-05
 -0.000609777893
 -0.000755431072
 -0.000780615143
 -0.000657521146
 -0.000412923758
 -0.000322621267
 -0.00049229701
 -0.000755249664
 -0.000946446884
 -0.000719003923
 -1.76478267E-05
  0.00056743979
  0.000455196294
  3.74114753E-05
 -0.000126528594
  1.27708776E-06
  0.00043708652
 -0.000635841562
 -0.0007042851
  0.000911302391
  0.00101638428
  0.000837716725
 -0.00179300725
 -0.00151081981
 -0.000574523187
 -0.000425284191
  0.0013867083
  0.00492059715
  0.0144662745
  0.0235224729
  0.0237407808
  0.0355643849
  0.0584047048
  0.0524567831
  0.0214438704
  0.0065131854
  0.0132521065
 -0.00121951341
 -0.0418847832
 -0.0539462033
 -0.0372642745
 -0.0058737257
  0.00425845493
 -0.0172052414
 -0.0213248337
 -0.0176974837
 -0.0165815427
 -0.0103837985
 -0.00316146716
 -0.00137373083
 -0.00194346117
 -0.00162936934
 -0.000307543116
  0.00147409317
  0.00221472122
  0.00159743081
  0.00126736885
  0.00186047928
  0.00230028271
  0.0018561387
  0.000882368318
 -0.00014331897
 -0.000754670994
 -0.000858348528
 -0.000752322579
 -0.000508880519
 -0.000152500597
 -7.16209682E-05
 -0.000425617878
 -0.000850420827
 -0.00106478384
 -0.000796116693
 -1.7731185E-05
  0.000540149995
  0.000413650987
  3.94087587E-05
 -7.90202082E-05
  1.71905585E-05
  0.00039895895
 -0.000592951886
 -0.00069751721
  0.000885939721
  0.00117207967
  0.000617918987
 -0.0020824456
 -0.00109860123
 -0.000384968537
 -0.000983782698
  0.00156054461
  0.00549884618
  0.0143067354
  0.0219687598
  0.0217562733
  0.034299572
  0.0550489058
  0.0457322023
  0.017515166
  0.00508096775
  0.0046717244
  0.00732575661
  0.0155823323
 -0.00246966463
 -0.0266892378
 -0.0430700857
 -0.0441900055
 -0.0288372344
 -0.0209429016
 -0.01631261
 -0.0160310009
 -0.011038745
 -0.00445280806
 -0.00132742264
 -0.000843525158
 -0.00138216817
 -0.000922575037
  0.000723378682
  0.00201221732
  0.00186989898
  0.00147817955
  0.00184126294
  0.00224736008
  0.00184965503
  0.000889878218
 -0.000140315091
 -0.000805796375
 -0.000914256623
 -0.000714655615
 -0.000379574924
  4.26129749E-05
  0.000130606739
 -0.000340596391
 -0.000908594785
 -0.00114220386
 -0.000848415131
 -3.33919885E-05
  0.000485229211
  0.000361890518
  3.94646154E-05
 -1.89272021E-05
  3.56438541E-05
  0.00035204455
 -0.000537862427
 -0.000694263663
  0.000864700429
  0.00128591326
  0.000353542809
 -0.0022274568
 -0.000708536353
 -0.000221621985
 -0.00144580017
  0.00155488265
  0.00626578448
  0.0138729686
  0.0198729698
  0.0203916191
  0.0330903857
  0.0510683715
  0.0398432157
  0.0143182783
  0.00236577731
  0.000256053058
  0.0129055662
  0.0393866979
  0.0197110265
 -0.0203622041
 -0.0521637851
 -0.0609296491
 -0.0376154049
 -0.0208383418
 -0.0147786369
 -0.015030587
 -0.0114943329
 -0.00551209065
 -0.00130736199
  7.46382906E-05
 -0.000976273616
 -0.00143539618
 -3.0068441E-05
  0.0017608683
  0.00214177804
  0.00176472319
  0.00183770545
  0.00208848379
  0.00170536617
  0.000829744168
 -0.00010037325
 -0.000755544575
 -0.000893667486
 -0.000646292752
 -0.000255662377
  0.000167930488
  0.000252370112
 -0.000263748917
 -0.000924022941
 -0.00117457997
 -0.000865451652
 -6.05201273E-05
  0.000406392799
  0.000300006649
  4.43078913E-05
  4.76159179E-05
  5.51647927E-05
  0.000299001582
 -0.000473205119
 -0.000693492716
  0.00084705614
  0.00135713906
  6.06746002E-05
 -0.00223050168
 -0.000357064094
 -0.000100141012
 -0.00175237133
  0.00133378016
  0.00715356464
  0.0131996842
  0.0173056737
  0.0196726696
  0.0317747801
  0.0466653563
  0.0347136944
  0.011699879
 -0.000802181308
 -0.00117635584
  0.0174011313
  0.0323088441
  0.0145512402
 -0.0124075781
 -0.0385208075
 -0.0541890393
 -0.0418024981
 -0.0207690413
 -0.0131369696
 -0.0136601634
 -0.0116548503
 -0.00628245224
 -0.00128917791
  0.000771324384
 -0.000467477837
 -0.0018298836
 -0.000748421479
  0.00145843272
  0.00238177715
  0.00211478242
  0.00187538738
  0.00185256164
  0.00142860864
  0.000683011174
 -5.57000905E-05
 -0.000617480695
 -0.000778658178
 -0.000529096754
 -0.00012463168
  0.000233459488
  0.000279712293
 -0.000220211511
 -0.000899708528
 -0.00115922837
 -0.000844542914
 -9.27425394E-05
  0.00030665461
  0.000228885317
  5.47851957E-05
  0.000116903872
  7.41113349E-05
  0.000243194832
 -0.000403207842
 -0.000691530936
  0.000828697266
  0.00138746143
 -0.000233981343
 -0.00213983362
 -1.21222004E-05
 -4.71434573E-05
 -0.00189851596
  0.000963193284
  0.00798672768
  0.0123990918
  0.0144351441
  0.0193620681
  0.0303344137
  0.0420396704
  0.0303587962
  0.0090657133
 -0.00321809066
 -0.00221912036
  0.0199992761
  0.0301523778
  0.0164369708
 -0.00363163138
 -0.0313928148
 -0.0534360645
 -0.0452809881
 -0.0207263879
 -0.0116389419
 -0.0123417185
 -0.0116144531
 -0.00705849252
 -0.00131425188
  0.00141264373
  2.51236564E-05
 -0.00209002389
 -0.00139609727
  0.00109347161
  0.002567522
  0.00250360211
  0.00196787452
  0.00157944722
  0.00105171541
  0.000449000006
 -3.64884753E-05
 -0.000419616235
 -0.000568229641
 -0.000350733338
  2.07312564E-05
  0.000257567156
  0.000217645005
 -0.000226565337
 -0.000847495779
 -0.00109569342
 -0.000788646753
 -0.000123674992
  0.000189029418
  0.000150909145
  6.69670377E-05
  0.000186455731
  9.1133646E-05
  0.000187822766
 -0.000332014089
 -0.000685607451
  0.000807661165
  0.00137707253
 -0.000490380682
 -0.00201738281
  0.000337621258
 -4.66111737E-05
 -0.00195840127
  0.00064315837
  0.00840952985
  0.0117013805
  0.0115336642
  0.0189886018
  0.0288980692
  0.0374527207
  0.0264849562
  0.0065923862
 -0.00465484895
 -0.00417849506
  0.0205489156
  0.0433681339
  0.0344375375
  0.00505741732
 -0.0373576297
 -0.0668038628
 -0.0499755
 -0.0203465474
 -0.0104156709
 -0.0112149813
 -0.0114258409
 -0.00786613095
 -0.00138475934
  0.00204639126
  0.000446479865
 -0.00222917328
 -0.00194143073
  0.000669524499
  0.0026752915
  0.00290363274
  0.00211538507
  0.00130196528
  0.000611552252
  0.000142229223
 -6.32129967E-05
 -0.00019780318
 -0.000279607238
 -0.000109392836
  0.000182158335
  0.000258270799
  8.74879555E-05
 -0.000287602641
 -0.000783009688
 -0.00098853139
 -0.000701813573
 -0.000149541581
  6.1000494E-05
  6.91308387E-05
  7.88498922E-05
  0.000252754532
  0.000105155938
  0.000135735473
 -0.000263313931
 -0.000673807486
  0.000783193167
  0.0013302149
 -0.000688610797
 -0.00188406045
  0.000641471995
 -1.4291368E-05
 -0.00207487895
  0.000642200613
  0.00810692967
  0.0112409584
  0.00889964448
  0.0181733515
  0.0274836004
  0.0332305822
  0.0226899599
  0.00471471015
 -0.00537272815
 -0.00670081029
  0.0190975358
  0.0542790534
  0.0550022648
  0.01862174
 -0.0440434951
 -0.0832802569
 -0.0557445733
 -0.0189432962
 -0.00952315918
 -0.0100958881
 -0.0110864346
 -0.00846195044
 -0.00148163234
  0.00260536964
  0.000788894695
 -0.00226870514
 -0.0023709545
  0.000210427366
  0.00269020133
  0.00328193249
  0.00230376514
  0.0010424324
  0.000145034742
 -0.000212478185
 -0.000140674751
  1.2633519E-05
  5.64586174E-05
  0.000183696386
  0.000355436303
  0.000249110673
 -7.95757147E-05
 -0.000395503719
 -0.000721964621
 -0.000847698491
 -0.00058872996
 -0.000169096279
 -6.64287501E-05
 -1.28271144E-05
  9.05422759E-05
  0.000311463288
  0.000115314301
  8.93021492E-05
 -0.000200342223
 -0.000653449453
  0.000751184578
  0.00126087939
 -0.000840489247
 -0.00173212042
  0.000852898967
  0.000127918535
 -0.00232283337
  0.000926494959
  0.00739556105
  0.0104733502
  0.00735653653
  0.0160767577
  0.0266993618
  0.0287866168
  0.0197257295
  0.00237308143
 -0.00594435761
 -0.00779692883
  0.0112518813
  0.0660834917
  0.084291863
  0.0328539197
 -0.054551541
 -0.101973473
 -0.062356219
 -0.016044934
 -0.00922793555
 -0.00880073244
 -0.0106567336
 -0.00868196516
 -0.00160646528
  0.00303799393
  0.00100502461
 -0.00220362043
 -0.00268807478
 -0.000255547206
  0.00262047022
  0.00359720893
  0.0025072469
  0.000814884362
 -0.00030415449
 -0.000579615397
 -0.000260555372
  0.000183082511
  0.000401423606
  0.000505062451
  0.000529987483
  0.000237810808
 -0.000249986873
 -0.00053121986
 -0.000676377858
 -0.000686009163
 -0.000456271247
 -0.000183076262
 -0.000183078333
 -8.98046907E-05
  0.000100010912
  0.00035927486
  0.000121212574
  4.97273148E-05
 -0.000144805153
 -0.000623133191
  0.000710169234
  0.00117144917
 -0.000938294733
 -0.00156049481
  0.000993059019
  0.000228792434
 -0.00243310385
  0.00114458315
  0.006613014
  0.00942927697
  0.00649403168
  0.0134970931
  0.0254779989
  0.0251765143
  0.01664723
  0.000500003887
 -0.00549970342
 -0.0087252894
 -0.000768325852
  0.060506352
  0.0985442048
  0.0440093935
 -0.0551027032
 -0.103491259
 -0.0618412967
 -0.012800308
 -0.00849853194
 -0.00753965649
 -0.00971692513
 -0.00829889441
 -0.00161218179
  0.00309976809
  0.00112839435
 -0.00204190383
 -0.00290512294
 -0.000684845455
  0.0024791011
  0.00381733475
  0.00268404196
  0.000624763917
 -0.000705560939
 -0.000921902107
 -0.000404460571
  0.000297185192
  0.000715264658
  0.000822001071
  0.000690952505
  0.000226014711
 -0.000394397709
 -0.000670681339
 -0.000650146608
 -0.000518835342
 -0.000312384697
 -0.000192472401
 -0.000278261675
 -0.000156483541
  0.00010837381
  0.00039227348
  0.000122741682
  1.76096734E-05
 -9.78361168E-05
 -0.000581440592
  0.000655990331
  0.0010723541
 -0.000988048238
 -0.00138330498
  0.00110405556
  0.000229926088
 -0.00239002526
  0.0013318643
  0.00564487255
  0.00841627186
  0.00571715122
  0.0114454231
  0.0228302557
  0.0230514969
  0.0129012073
 -0.00011179353
 -0.00408801283
 -0.0104068993
 -0.0106013963
  0.0328863028
  0.0734680713
  0.0398807132
 -0.0344612601
 -0.0739423651
 -0.0454611187
 -0.00990248685
 -0.00708470495
 -0.00606454776
 -0.00820351798
 -0.00702518436
 -0.00149769222
  0.00265935453
  0.00121697608
 -0.00180387023
 -0.0030342727
 -0.00102863557
  0.00227907512
  0.00391585212
  0.00279448274
  0.000465320807
 -0.00103272722
 -0.00120537323
 -0.000544871683
  0.000350235475
  0.000962608842
  0.00109762019
  0.000822159037
  0.000211902387
 -0.000493652136
 -0.000788418743
 -0.000639769702
 -0.000360802329
 -0.000167252347
 -0.000197833474
 -0.00034387286
 -0.000208069599
  0.0001161961
  0.000408146358
  0.000119855542
 -6.96020696E-06
 -5.96130121E-05
 -0.000528979011
  0.00058854644
  0.000968942018
 -0.00100029659
 -0.00121286319
  0.00122690982
  6.18710589E-05
 -0.00207374502
  0.00122675327
  0.00503160236
  0.00686001372
  0.00555508937
  0.00920370555
  0.0199048588
  0.0209683049
  0.00970464597
 -0.000261042932
 -0.00397661819
 -0.00996194868
 -0.0158709109
 -0.0055694071
  0.0149380228
  0.0138184385
 -0.00252955091
 -0.0157850411
 -0.0129079325
 -0.00755902815
 -0.00502645125
 -0.00435913856
 -0.00618138488
 -0.00495648835
 -0.00126781452
  0.00176200406
  0.00129147102
 -0.00151688171
 -0.0030592051
 -0.00126069643
  0.00203723616
  0.00386215666
  0.00281373605
  0.00032969038
 -0.00126558949
 -0.00139722021
 -0.00065795492
  0.000350310731
  0.00111760511
  0.00129683421
  0.00090787926
  0.000193383609
 -0.000539597243
 -0.000863213665
 -0.000634275607
 -0.000224278049
 -3.29557237E-05
 -0.000198762667
 -0.000376122831
 -0.000240709387
  0.000122094807
  0.000406112117
  0.000112427232
 -2.39642394E-05
 -3.01885889E-05
 -0.000466879843
  0.000511330245
  0.000854746017
 -0.00096121845
 -0.00105559359
  0.00131974876
 -0.000161110155
 -0.00167330495
  0.00104227947
  0.00453926435
  0.00507750435
  0.00560556601
  0.00709188774
  0.0166405857
  0.0189471884
  0.00687344757
 -3.63757566E-05
 -0.00398837454
 -0.00899697534
 -0.0198990025
 -0.0464277807
 -0.0548320092
 -0.0246159911
  0.0306260398
  0.0559114927
  0.0274401798
 -0.00589865433
 -0.00257778202
 -0.00267890287
 -0.0038925192
 -0.00256534575
 -0.000937062707
  0.000633873072
  0.00131834128
 -0.00120837821
 -0.00295561232
 -0.00137076004
  0.00176787085
  0.00364554951
  0.00271102132
  0.00022038304
 -0.00138355403
 -0.00147582686
 -0.000722160111
  0.000310932763
  0.00116861031
  0.00139261164
  0.000934760741
  0.000169913056
 -0.000533827742
 -0.00088027175
 -0.000619214541
 -0.000116900383
  7.72545931E-05
 -0.000193499635
 -0.000375590466
 -0.000252156684
  0.000123849266
  0.000385236935
  0.000100174623
 -3.30926313E-05
 -9.73503649E-06
 -0.000395675662
  0.000427592281
  0.000722939936
 -0.000865278267
 -0.000887645242
  0.00128786965
 -0.000266993679
 -0.00139678166
  0.000963469852
  0.00390357437
  0.0035312622
  0.00529056088
  0.00550975973
  0.0128713283
  0.0171603712
  0.00416990682
  0.000220884638
 -0.00262893328
 -0.00859367299
 -0.0299006867
 -0.0912537007
 -0.110229274
 -0.0434829277
  0.0654247263
  0.114132088
  0.0565152812
 -0.0039472017
 -0.000667465068
 -0.00121136671
 -0.00186176444
 -0.000536244718
 -0.000586810781
 -0.000336272787
  0.0012108822
 -0.000883153418
 -0.002715782
 -0.00135719345
  0.00148453881
  0.00326426343
  0.00246706938
  0.00014139061
 -0.0013671536
 -0.00143038912
 -0.000722939926
  0.000248500807
  0.00111690369
  0.00136902626
  0.00089410019
  0.000143249326
 -0.000485221658
 -0.000832162426
 -0.000580904066
 -4.06530795E-05
  0.000151294949
 -0.000179769388
 -0.000346684867
 -0.000241831225
  0.000118673456
  0.00034457971
  8.33825451E-05
 -3.47459453E-05
  2.51874745E-06
 -0.00031699183
  0.000339698493
  0.000573650724
 -0.000716159782
 -0.000678548469
  0.00105513475
 -0.000186261034
 -0.00125395193
  0.000985359617
  0.00303874401
  0.00229123929
  0.00482763826
  0.00384235261
  0.00964210305
  0.0142918002
  0.00280092164
 -0.000799853226
 -0.00132322672
 -0.00618506889
 -0.0461218212
 -0.136725618
 -0.135816916
 -0.0354231737
  0.097209361
  0.146503913
  0.0672086869
 -0.00178216742
  0.000476197006
 -5.70856131E-05
 -0.000414219381
  0.000814767337
 -0.000267605542
 -0.000962729792
  0.0010102025
 -0.0005961857
 -0.00231919246
 -0.00122315715
  0.00118582132
  0.0027294889
  0.00208487565
  8.46733358E-05
 -0.00121946266
 -0.00126028172
 -0.000657417358
  0.000180343867
  0.000971958735
  0.00122280223
  0.000785047989
  0.000113793951
 -0.000404273031
 -0.000720975869
 -0.000508731831
  5.27352372E-06
  0.000182372901
 -0.000156014717
 -0.000293590371
 -0.000211510697
  0.000105940182
  0.000285565597
  6.26511111E-05
 -2.98410229E-05
  7.51129617E-06
 -0.000231565965
  0.000246332342
  0.00041884619
 -0.000548748001
 -0.000433570832
  0.000669950474
  0.000108997596
 -0.00125861577
  0.00102664338
  0.00211269779
  0.00120309068
  0.00434714353
  0.00178402191
  0.00741485967
  0.0100589985
  0.00243080182
 -0.00184791609
 -0.00158985416
 -0.00144725585
 -0.0632650903
 -0.1669372
 -0.128758868
 -0.0121707052
  0.116455491
  0.153225488
  0.0577240148
  0.00109831251
  0.000399477367
  0.0010402758
  0.000162362492
  0.0015574011
 -0.000124535105
 -0.00109638915
  0.000726901839
 -0.000358872017
 -0.00177967322
 -0.000972039875
  0.000867314956
  0.00205956209
  0.00158271715
  4.45603925E-05
 -0.00096093028
 -0.000983910536
 -0.000524617564
  0.000116323674
  0.000750824816
  0.000964493084
  0.000613297989
  8.23622313E-05
 -0.000301402815
 -0.000555857762
 -0.000398700616
  2.44285557E-05
  0.000169999986
 -0.000121546127
 -0.000221111729
 -0.000164561681
  8.61617085E-05
  0.000211704687
  3.89401281E-05
 -1.99856596E-05
  7.11368597E-06
 -0.000141506394
  0.000150777681
  0.000251100173
 -0.000327866611
 -0.000263968565
  0.000375708349
  0.000197039598
 -0.00100070842
  0.000914531546
  0.00103497598
  0.000708276842
  0.00291623104
  0.000656119375
  0.00471050944
  0.00597332142
  0.00158515085
 -0.00145699548
 -0.00196606021
  0.00249109903
 -0.0651410263
 -0.147745994
 -0.0955097386
  0.00203438483
  0.107429731
  0.12587915
  0.036967995
  0.00211497514
  0.000613443398
  0.00108592442
  0.00042848596
  0.00144344205
  2.90402973E-05
 -0.000934701023
  0.000466731912
 -0.00019416506
 -0.00111872969
 -0.000623162786
  0.000528189006
  0.00128208879
  0.000989793732
  1.68582284E-05
 -0.000616397265
 -0.00062479982
 -0.000338040423
  6.29595958E-05
  0.000473469982
  0.000616952061
  0.000390776464
  4.93969633E-05
 -0.000184836854
 -0.000350546227
 -0.000254187199
  2.28034965E-05
  0.000120272191
 -7.77208207E-05
 -0.000135570832
 -0.000104745027
  5.87634346E-05
  0.000128345526
  1.33253737E-05
 -6.90191348E-06
  2.96684016E-06
 -4.75714999E-05
  5.10999193E-05
  8.31255052E-05
 -0.000105719672
 -9.69109218E-05
  0.000133990651
  7.36715023E-05
 -0.000370487356
  0.000365519958
  0.000288017608
  0.000251258361
  0.00101904532
  0.000136028405
  0.00164297558
  0.00193918074
  0.000605227509
 -0.000622329307
 -0.000857391436
  0.00130846475
 -0.0290748694
 -0.0578359447
 -0.0355845565
  0.00262411938
  0.0444715151
  0.0492675707
  0.0122698826
  0.000995289184
  0.000323052851
  0.000422036912
  0.000221082835
  0.000578578658
  3.13857211E-05
 -0.000369862497
  0.000162765245
 -6.12368017E-05
 -0.000382042239
 -0.000213911376
  0.000177267536
  0.00043546299
  0.00033704316
  4.057952E-06
 -0.000212500858
 -0.000213948041
 -0.000116196941
  1.95609169E-05
  0.000161629501
  0.000212351869
  0.000134295115
  1.65919487E-05
 -6.20356034E-05
 -0.000119559087
 -8.71494117E-05
  9.12246445E-06
  4.34206276E-05
 -2.66384654E-05
 -4.53952936E-05
 -3.58685025E-05
  2.12247643E-05
  4.28151178E-05
 -1.29218374E-05
  7.30521502E-06
 -2.5758995E-06
  4.7960266E-05
 -5.06973906E-05
 -8.271065E-05
  0.000106140487
  9.73299353E-05
 -0.000133579112
 -7.32679325E-05
  0.000370889669
 -0.000365135116
 -0.000287637918
 -0.000250885444
 -0.0010186782
 -0.000135646064
 -0.00164263126
 -0.00193884927
 -0.000604852108
  0.000622654505
  0.000857656166
 -0.0013080266
  0.0290746416
  0.0578348462
  0.0355848096
 -0.00262277199
 -0.0444702053
 -0.0492666815
 -0.0122695048
 -0.000994871611
 -0.000322620395
 -0.000421611448
 -0.000220659733
 -0.000578149148
 -3.09681544E-05
  0.000370269304
 -0.00016235328
  6.16468279E-05
  0.000382452376
  0.000214316446
 -0.000176871794
 -0.000435073814
 -0.000336655298
 -3.66798035E-06
  0.000212892702
  0.00021434018
  0.000116588159
 -1.91710562E-05
 -0.000161240815
 -0.000211962931
 -0.000133903955
 -1.61980033E-05
  6.24322119E-05
  0.000119958024
  8.75497936E-05
 -8.72189234E-06
 -4.30190005E-05
  2.70416448E-05
  4.57991135E-05
  3.6271604E-05
 -2.08226536E-05
 -4.2414314E-05
