  844.81
  1646.63
  2370.87
  2996.71
  3517.98
  3940.49
  4277.56
  4545.81
  4762.13
  4941.73
  5097.11
  5237.71
  5370.06
  5498.2
  5624.41
  5749.83
  5874.96
  5999.99
  6125.
  6250.
  6375.
  6500.
  6625.
  6750.
  6875.
  7000.
  7125.
  7250.
  7375.
  7500.
  7625.
  7750.
  7875.
  8000.
  8125.
  8250.
  8375.
  8500.
  8625.
  8750.
  8875.
  9000.
  9125.
  9250.
  9375.
  9500.
  9625.02
  9750.07
  9875.26
  10000.89
  10127.81
  10258.25
  10397.5
  10557.04
  10759.15
  11042.32
  11464.65
  12101.01
  13029.85
  15948.72
  17888.48
  20000.
